
resolution_x:   640
resolution_y:   480
epsilon:        10.0e-4
lambda:         0.03
control_rate:   2
resource_location:         "/home/cyh/Work/visual_servoing_ws/src/visual_servoing/franka_control_VS/param/"
image_rgb_desired_name:    "image_rgb_desired.png"
image_depth_desired_name:  "image_depth_desired.png"
camera_intrinsic: [ 605.689, 0.0, 324.855, 
                    0.0, 606.215, 236.483, 
                    0.0, 0.0, 1.0]

order_min: 6
order_max: 16
delta_epsilon: 0.1
lambda_order: 1.1

# 2D
2D_pose_desired: [-0.146044, -0.989055, -0.0210075, 0.435997,
-0.987881, 0.144677, 0.0562195, 0.0422674,
-0.0525649, 0.0289634, -0.998197, 0.517289,
0.0, 0.0, 0.0, 1.0]
2D_joint_angle_initial: [0.131458, 0.0758277, -0.423689, -1.29885, 0.0601927, 1.13133, 0.590687]

# 3D
3D_pose_desired: [-0.207206, -0.969318, -0.13224, 0.511609,
-0.978125, 0.207805, 0.00940771, 0.00824296, 
0.0183611, 0.131297, -0.991173, 0.344679, 
0.0, 0.0, 0.0, 1.0]
3D_joint_angle_initial: [-0.016984, -0.772081, -0.0853666, -2.08086, -0.00175348, 1.49038, 0.59813]

# 3D Complex
pose_desired: [0.202672,-0.444599,0.8725,0.455579,
-0.973346,0.00620256,0.229258,0.101808,
-0.10734,-0.895708,-0.431491,0.694348,
0.0,0.0,0.0,1.0]
joint_angle_initial: [0.178696,-0.836711,-0.0598905,-2.51132,0.141387,2.77104,0.773187]
