camera velocity
-0.00234573	-0.00198887	0.00240528	-0.00369989	-0.000561695	0.001116	
-0.00224834	-0.00200936	0.00241861	-0.00373258	-0.000710722	0.00111389	
-0.000490324	-0.00146185	0.00218289	-0.00277622	-0.00251089	0.000513171	
-0.000301635	-0.000777494	0.00152461	-0.00163547	-0.00269412	-0.000195461	
-0.000266018	-0.000169253	0.000998119	-0.000633575	-0.00266231	-0.000726655	
-0.000329183	0.000307303	0.000672256	0.000112909	-0.00253892	-0.00106263	
-0.000628298	0.000865346	0.000397022	0.00100939	-0.00208725	-0.00129901	
-0.000915635	0.00122787	0.000229958	0.00158934	-0.00167004	-0.00143142	
-0.001335	0.00159844	0.000149385	0.00216292	-0.0010706	-0.00142275	
-0.00175524	0.00185085	0.000113389	0.00256558	-0.000465469	-0.00129452	
-0.00215182	0.00194856	0.000185646	0.00271492	0.000122262	-0.00104122	
-0.00144619	0.00206383	-0.000262354	0.00299175	-0.000714523	-0.000783939	
-0.00167967	0.00197073	1.08942e-05	0.00275785	-0.000429453	-0.00047623	
-0.00187522	0.00176278	0.000355819	0.00238435	-0.000172445	-6.15103e-05	
-0.00196643	0.00164016	0.000715439	0.0021115	-0.000111645	0.000351152	
-0.00196736	0.00146814	0.00108566	0.0017524	-0.000180473	0.000742129	
-0.00190312	0.0012438	0.00140958	0.00131206	-0.000318308	0.00111469	
-0.002289	0.00117472	0.00201985	0.00103391	0.000146995	0.00167317	
-0.00255731	0.00120103	0.00201749	0.00107353	0.000711271	0.00167172	
-0.00200739	0.00103468	0.00184346	0.00087004	-1.68247e-05	0.00180343	
-0.00220023	0.00107006	0.00176184	0.000934163	0.00046452	0.00165996	
-0.00229353	0.00111284	0.00168758	0.00102743	0.000796708	0.00149852	
-0.00232905	0.0011577	0.00160881	0.00112436	0.00107496	0.00135129	
-0.00223812	0.00112646	0.00155042	0.00108012	0.00113457	0.00124149	
-0.00215226	0.00115713	0.00149437	0.00115561	0.00115249	0.00117582	
-0.00204953	0.00109804	0.00143833	0.00111141	0.00112303	0.00113753	
-0.00192581	0.00117388	0.00138021	0.00124741	0.00106747	0.00108742	
-0.0018949	0.00109272	0.00132365	0.00115037	0.00115464	0.0010124	
-0.00176819	0.00109697	0.0012413	0.00120268	0.00106763	0.000976493	
-0.00173831	0.00115035	0.00122511	0.00130225	0.0011111	0.000920685	
-0.00163337	0.00116165	0.00116874	0.00135097	0.00105554	0.000871606	
-0.00153016	0.00114825	0.00110451	0.00135392	0.00101235	0.000807087	
-0.00142369	0.00112975	0.00102656	0.00136468	0.000942202	0.000765928	
-0.00133733	0.00110461	0.000975062	0.00136505	0.000875629	0.000698945	
-0.00127419	0.0010859	0.000889851	0.00139136	0.000864053	0.000599694	
-0.00117213	0.00105783	0.000853138	0.00137636	0.000775766	0.000563582	
-0.00103364	0.000973008	0.000800993	0.00127758	0.000616778	0.00054941	
-0.00103579	0.000954057	0.000742819	0.00128062	0.000700429	0.000546233	
-0.00097094	0.000882552	0.000717828	0.00118526	0.000653803	0.000492031	
-0.000918285	0.000883765	0.000673551	0.00121433	0.000630216	0.000445059	
-0.000851363	0.00085431	0.000623423	0.00119708	0.000587175	0.000430542	
-0.000776274	0.000767487	0.000582193	0.00109842	0.000507361	0.0004119	
-0.000756778	0.000799429	0.000538647	0.00116746	0.000508613	0.00036861	
-0.000688929	0.000748027	0.000503891	0.00109815	0.000451782	0.000342105	
-0.000657205	0.000756009	0.000460908	0.00113346	0.000455686	0.000302276	
-0.000615833	0.000715841	0.000432957	0.0010825	0.00043229	0.000280869	
-0.000572888	0.000676206	0.000396467	0.00102842	0.000396395	0.000261145	
-0.000648257	0.000839143	0.000245528	0.00137314	0.000618657	0.000205423	
-0.000557195	0.000881718	0.000248926	0.00144312	0.000496271	0.000184127	
-0.000555989	0.000802201	0.000208103	0.0013434	0.000539023	0.000155969	
-0.000474872	0.000792101	0.000193152	0.00134254	0.000433591	0.000160864	
-0.000431774	0.000792263	0.000182117	0.0013535	0.000387313	0.000139663	
-0.000388866	0.000786334	0.000166391	0.00135635	0.000332336	0.000121974	
-0.000352674	0.000703852	0.000165973	0.00122763	0.000286608	0.000113626	
-0.000313086	0.000658009	0.00015459	0.00116704	0.000253695	0.000114948	
-0.000286664	0.000588849	0.000154531	0.00105297	0.000231309	0.000122602	
-0.000263613	0.000608016	0.000141854	0.00108424	0.000205199	9.97273e-05	
-0.000238706	0.000552577	0.000143179	0.000989749	0.000186952	9.83835e-05	
-0.000185601	0.000526336	0.000167492	0.000948371	0.000105295	9.28215e-05	
-0.000241545	0.000461362	0.000154577	0.000853094	0.000225891	0.00013311	
-0.000172071	0.000387616	0.000130417	0.000746579	0.000132638	0.00015609	
-0.000159135	0.000373003	0.000129942	0.000707444	0.000123548	0.000145368	
-0.000152028	0.000347199	0.000121197	0.000666235	0.00011198	0.000127704	
-0.000144278	0.000351841	0.000115628	0.000670219	0.000100213	0.0001047	
-0.000125071	0.000321408	0.000110892	0.000615019	7.94852e-05	9.04753e-05	
-0.000108871	0.000296358	0.000103031	0.000580039	6.41038e-05	8.63139e-05	
-0.000105361	0.000223236	8.76918e-05	0.000467413	8.0555e-05	6.3476e-05	
-0.000101722	0.000213458	8.87994e-05	0.000440544	8.09127e-05	5.34358e-05	
-8.14118e-05	0.00017164	8.41176e-05	0.000373303	5.18022e-05	6.47603e-05	
-7.69765e-05	0.000211337	7.57756e-05	0.000435224	5.13462e-05	4.66903e-05	
-8.18315e-05	0.000170277	7.9121e-05	0.00036861	5.82691e-05	7.173e-05	
-5.54978e-05	0.00015785	7.3467e-05	0.00034926	1.96986e-05	8.83213e-05	
-6.89817e-05	0.00013526	7.81542e-05	0.000309349	4.14912e-05	2.99123e-05	
-7.27725e-05	0.000101178	7.76829e-05	0.000247862	5.2337e-05	2.88465e-05	
-4.23849e-05	7.28178e-05	7.01942e-05	0.00020127	1.35793e-05	2.37809e-05	
-3.53086e-05	7.49229e-05	6.2327e-05	0.000206351	8.73834e-06	1.88755e-05	
-1.90501e-06	7.39475e-05	4.25741e-05	0.00019569	-3.21032e-05	3.8536e-05	
-2.39044e-05	4.48353e-05	4.89835e-05	0.000139562	2.80653e-06	2.45251e-05	
-2.31564e-05	3.45476e-05	4.83683e-05	0.000113902	-9.03676e-06	1.6184e-06	
-2.72296e-05	4.26128e-05	4.77681e-05	0.000128252	1.7099e-05	7.39784e-07	
-9.18929e-06	3.13342e-05	4.02606e-05	9.37755e-05	-1.92752e-05	-9.83016e-07	
-1.09773e-05	3.0131e-05	3.44921e-05	9.69676e-05	1.95576e-06	7.69873e-06	
-1.10124e-05	3.19511e-05	3.41843e-05	9.50492e-05	7.64703e-06	-1.17798e-07	
2.03203e-07	1.48022e-05	2.87498e-05	5.51149e-05	-1.35344e-05	5.23508e-06	
5.53912e-06	1.2536e-05	2.33055e-05	5.59634e-05	-1.45222e-05	8.84829e-06	
-1.64177e-07	2.10424e-05	2.06061e-05	6.66745e-05	-5.78361e-07	9.99509e-06	
-3.48382e-06	1.50346e-05	2.00336e-05	5.56171e-05	9.42621e-06	1.36595e-05	
1.92348e-07	1.06323e-05	2.28692e-05	4.61146e-05	-2.57994e-05	-1.06359e-05	
-1.38185e-06	9.40561e-06	2.47919e-05	4.09236e-05	-1.80034e-05	-1.30574e-05	
5.33486e-06	9.8184e-06	2.35769e-05	2.85734e-05	-2.18712e-05	-3.54009e-06	
camera pose
-0.0965537	-0.981095	-0.167719	0.552458	
-0.992325	0.0818069	0.0927282	-0.128457	
-0.0772546	0.175385	-0.981464	0.585537	
0	0	0	1	
-0.0965524	-0.981096	-0.167717	0.552457	
-0.992324	0.081804	0.0927377	-0.128457	
-0.0772647	0.175383	-0.981464	0.585538	
0	0	0	1	
-0.0973954	-0.979796	-0.17468	0.55533	
-0.99217	0.0817983	0.0943844	-0.124235	
-0.078189	0.182505	-0.980091	0.580856	
0	0	0	1	
-0.100032	-0.978124	-0.182392	0.559111	
-0.991828	0.0834361	0.0965178	-0.119549	
-0.0791884	0.190556	-0.978477	0.574958	
0	0	0	1	
-0.10144	-0.976955	-0.187801	0.561441	
-0.991277	0.0832927	0.10214	-0.118169	
-0.0841439	0.196524	-0.976882	0.56964	
0	0	0	1	
-0.101883	-0.97637	-0.190584	0.56252	
-0.99076	0.0823492	0.107765	-0.117371	
-0.0895239	0.199802	-0.975738	0.566104	
0	0	0	1	
-0.10198	-0.975861	-0.193121	0.56294	
-0.990255	0.0810758	0.113232	-0.116612	
-0.0948413	0.202787	-0.974619	0.562908	
0	0	0	1	
-0.101592	-0.976052	-0.192355	0.562117	
-0.989756	0.079671	0.118471	-0.116056	
-0.100309	0.202421	-0.974148	0.561725	
0	0	0	1	
-0.0996405	-0.976679	-0.190186	0.560466	
-0.98949	0.077129	0.122317	-0.11467	
-0.104795	0.200375	-0.974098	0.561554	
0	0	0	1	
-0.097671	-0.977479	-0.187068	0.558345	
-0.98927	0.0748349	0.125481	-0.112591	
-0.108656	0.197316	-0.9743	0.561899	
0	0	0	1	
-0.0950908	-0.978696	-0.181969	0.555367	
-0.989129	0.0722956	0.128053	-0.109327	
-0.112169	0.192167	-0.974931	0.562967	
0	0	0	1	
-0.0927241	-0.979844	-0.176942	0.5521	
-0.989187	0.0703725	0.128672	-0.105445	
-0.113626	0.18696	-0.975774	0.564203	
0	0	0	1	
-0.0905569	-0.980988	-0.171647	0.548651	
-0.989362	0.0689126	0.128118	-0.100804	
-0.113854	0.181423	-0.976792	0.565473	
0	0	0	1	
-0.0892559	-0.982187	-0.165355	0.544548	
-0.989266	0.068136	0.12927	-0.0973605	
-0.115701	0.175118	-0.977725	0.56757	
0	0	0	1	
-0.0884574	-0.983222	-0.159527	0.540818	
-0.989224	0.0679557	0.129687	-0.093775	
-0.116671	0.16928	-0.978638	0.56918	
0	0	0	1	
-0.0884145	-0.983946	-0.155029	0.53767	
-0.989209	0.0684805	0.12952	-0.0899969	
-0.116824	0.164808	-0.979383	0.56982	
0	0	0	1	
-0.0888948	-0.98453	-0.150994	0.534794	
-0.989147	0.0694537	0.12948	-0.0860712	
-0.11699	0.160865	-0.980018	0.569826	
0	0	0	1	
-0.0903527	-0.984919	-0.147552	0.531875	
-0.988985	0.0712935	0.129711	-0.0818592	
-0.117236	0.157647	-0.980512	0.568912	
0	0	0	1	
-0.092513	-0.98511	-0.144913	0.529396	
-0.988752	0.0737114	0.130137	-0.0778721	
-0.117518	0.155322	-0.980849	0.567306	
0	0	0	1	
-0.096164	-0.985085	-0.142691	0.526607	
-0.988526	0.0777402	0.12951	-0.0724516	
-0.116485	0.153508	-0.981258	0.564067	
0	0	0	1	
-0.0989512	-0.985061	-0.140938	0.524294	
-0.988476	0.0809965	0.127889	-0.067488	
-0.114563	0.151968	-0.981724	0.561521	
0	0	0	1	
-0.102237	-0.984932	-0.139484	0.522229	
-0.988196	0.0844775	0.127795	-0.0634614	
-0.114086	0.150903	-0.981943	0.558959	
0	0	0	1	
-0.105585	-0.984843	-0.13761	0.519915	
-0.987999	0.0882063	0.126794	-0.0584385	
-0.112734	0.149346	-0.982337	0.556296	
0	0	0	1	
-0.108467	-0.984812	-0.135576	0.517394	
-0.987932	0.091618	0.124887	-0.0529123	
-0.110569	0.147486	-0.982864	0.553737	
0	0	0	1	
-0.110828	-0.984768	-0.133972	0.51522	
-0.987963	0.0945287	0.122449	-0.0481211	
-0.107919	0.14593	-0.983391	0.551587	
0	0	0	1	
-0.11266	-0.984814	-0.132099	0.513271	
-0.988007	0.0969	0.120216	-0.043682	
-0.10559	0.144058	-0.98392	0.549731	
0	0	0	1	
-0.114772	-0.984817	-0.130244	0.511094	
-0.988014	0.0995418	0.117981	-0.039105	
-0.103225	0.142223	-0.984438	0.547766	
0	0	0	1	
-0.116526	-0.984836	-0.12853	0.50907	
-0.988048	0.101799	0.115751	-0.0348248	
-0.100911	0.140482	-0.984927	0.545922	
0	0	0	1	
-0.118351	-0.984855	-0.126707	0.506999	
-0.988085	0.104162	0.113304	-0.0309699	
-0.0983899	0.138607	-0.985448	0.544176	
0	0	0	1	
-0.119946	-0.984893	-0.124897	0.505023	
-0.988141	0.106289	0.110817	-0.0270941	
-0.0958676	0.136708	-0.985962	0.542477	
0	0	0	1	
-0.121532	-0.984961	-0.122806	0.503078	
-0.988154	0.108379	0.108653	-0.0234548	
-0.0937092	0.134556	-0.986465	0.540971	
0	0	0	1	
-0.123316	-0.985062	-0.120194	0.500596	
-0.988179	0.110776	0.105976	-0.0190739	
-0.0910784	0.131842	-0.987078	0.539212	
0	0	0	1	
-0.124971	-0.985168	-0.117583	0.498125	
-0.98822	0.113047	0.103155	-0.0150811	
-0.0883323	0.129089	-0.987691	0.537509	
0	0	0	1	
-0.126198	-0.985283	-0.115287	0.49596	
-0.988259	0.114779	0.100848	-0.0116322	
-0.0861316	0.126661	-0.9882	0.536093	
0	0	0	1	
-0.127528	-0.985397	-0.112821	0.493867	
-0.988245	0.116572	0.0989115	-0.00851585	
-0.0843154	0.124108	-0.98868	0.534828	
0	0	0	1	
-0.128709	-0.985516	-0.11042	0.491821	
-0.988249	0.118209	0.0969028	-0.00547185	
-0.0824466	0.121595	-0.98915	0.533582	
0	0	0	1	
-0.129552	-0.985682	-0.107918	0.489763	
-0.988306	0.119532	0.0946719	-0.00262921	
-0.0804168	0.118921	-0.989642	0.532502	
0	0	0	1	
-0.130778	-0.985826	-0.105094	0.487548	
-0.988307	0.121251	0.0924537	0.000246297	
-0.0784005	0.115956	-0.990155	0.531363	
0	0	0	1	
-0.131787	-0.985932	-0.102811	0.485589	
-0.98828	0.12262	0.0909192	0.00275513	
-0.0770335	0.113588	-0.990537	0.530235	
0	0	0	1	
-0.132491	-0.986065	-0.100605	0.483892	
-0.988285	0.123664	0.0894406	0.00503615	
-0.075753	0.111276	-0.990898	0.529407	
0	0	0	1	
-0.133584	-0.986158	-0.0982239	0.482116	
-0.988259	0.125138	0.0876573	0.00734525	
-0.0741524	0.10878	-0.991296	0.528444	
0	0	0	1	
-0.13418	-0.986292	-0.0960407	0.480511	
-0.988279	0.126067	0.0860908	0.00937622	
-0.0728031	0.106467	-0.991647	0.527625	
0	0	0	1	
-0.134951	-0.986393	-0.093895	0.478981	
-0.988263	0.127147	0.0846751	0.0111894	
-0.0715845	0.10422	-0.991975	0.526949	
0	0	0	1	
-0.135618	-0.986515	-0.0916324	0.477428	
-0.98825	0.128114	0.0833566	0.0131993	
-0.0704932	0.10186	-0.992298	0.526182	
0	0	0	1	
-0.136429	-0.986602	-0.0894585	0.475733	
-0.988217	0.129213	0.0820404	0.0151428	
-0.069382	0.0995971	-0.992606	0.525386	
0	0	0	1	
-0.137022	-0.986726	-0.0871604	0.474181	
-0.988209	0.130097	0.0807324	0.0169341	
-0.0683215	0.0971948	-0.992918	0.524759	
0	0	0	1	
-0.137551	-0.986835	-0.0850718	0.472789	
-0.988214	0.130901	0.079365	0.018416	
-0.0671841	0.0949858	-0.993209	0.524237	
0	0	0	1	
-0.138081	-0.98694	-0.0829644	0.471288	
-0.988217	0.131705	0.0779751	0.0199888	
-0.0660299	0.0927537	-0.993497	0.523655	
0	0	0	1	
-0.138631	-0.987057	-0.0806219	0.469776	
-0.988206	0.132525	0.0767231	0.0215007	
-0.0650456	0.0903072	-0.993788	0.523184	
0	0	0	1	
-0.138919	-0.987251	-0.0776953	0.467972	
-0.988245	0.133147	0.0751242	0.0233337	
-0.0638215	0.0872182	-0.994143	0.523142	
0	0	0	1	
-0.139297	-0.987431	-0.0746769	0.466068	
-0.988267	0.133852	0.0735662	0.0248975	
-0.0626459	0.0840483	-0.994491	0.523024	
0	0	0	1	
-0.139724	-0.987627	-0.071208	0.464089	
-0.988303	0.134659	0.0715855	0.0266207	
-0.061111	0.0803773	-0.994889	0.523028	
0	0	0	1	
-0.139921	-0.987832	-0.0678988	0.462152	
-0.988351	0.135189	0.0699027	0.028147	
-0.0598729	0.0768887	-0.99524	0.523005	
0	0	0	1	
-0.140259	-0.98799	-0.0648337	0.460296	
-0.988357	0.13581	0.0686051	0.0294917	
-0.0589761	0.0737013	-0.995535	0.522991	
0	0	0	1	
-0.140435	-0.988174	-0.0615682	0.458297	
-0.988379	0.136267	0.0673629	0.0308493	
-0.0581765	0.0703129	-0.995827	0.522981	
0	0	0	1	
-0.140744	-0.988302	-0.0587448	0.456763	
-0.988381	0.13682	0.0662127	0.0318408	
-0.0574007	0.0673813	-0.996075	0.522983	
0	0	0	1	
-0.141067	-0.988413	-0.0560272	0.455252	
-0.98838	0.137375	0.0650599	0.0327594	
-0.0566093	0.064554	-0.996307	0.522969	
0	0	0	1	
-0.141239	-0.98853	-0.0534793	0.453787	
-0.988392	0.137753	0.064073	0.0337439	
-0.0559712	0.0619081	-0.996511	0.522893	
0	0	0	1	
-0.141469	-0.988637	-0.0508314	0.452192	
-0.988392	0.138188	0.0631335	0.0346973	
-0.0553918	0.0591728	-0.99671	0.522777	
0	0	0	1	
-0.141656	-0.988747	-0.0480954	0.450725	
-0.988383	0.138567	0.0624419	0.035619	
-0.0550748	0.056382	-0.996889	0.522782	
0	0	0	1	
-0.142008	-0.988819	-0.0455079	0.449181	
-0.988364	0.139111	0.0615218	0.0363461	
-0.0545033	0.053715	-0.997068	0.52252	
0	0	0	1	
-0.142394	-0.988879	-0.0429127	0.447816	
-0.988351	0.139698	0.0603836	0.0372664	
-0.0537173	0.0510111	-0.997252	0.522375	
0	0	0	1	
-0.142798	-0.988907	-0.0408852	0.446706	
-0.98832	0.140249	0.0596106	0.0379207	
-0.0532153	0.04892	-0.997384	0.522182	
0	0	0	1	
-0.143126	-0.988937	-0.0389629	0.44561	
-0.988292	0.140708	0.0589907	0.0385515	
-0.0528557	0.0469498	-0.997498	0.522001	
0	0	0	1	
-0.143565	-0.988952	-0.0369105	0.444598	
-0.988237	0.141275	0.0585626	0.0391361	
-0.0527011	0.0448839	-0.997601	0.521917	
0	0	0	1	
-0.143732	-0.988987	-0.0352906	0.443604	
-0.988227	0.14155	0.058058	0.0397276	
-0.0524232	0.0432199	-0.997689	0.521705	
0	0	0	1	
-0.143962	-0.989022	-0.0333193	0.442659	
-0.988204	0.141903	0.05759	0.040282	
-0.0522297	0.041217	-0.997784	0.52162	
0	0	0	1	
-0.144282	-0.989035	-0.0315082	0.441803	
-0.988171	0.142338	0.0570715	0.0407138	
-0.0519609	0.0393699	-0.997873	0.521523	
0	0	0	1	
-0.144503	-0.989043	-0.0302186	0.441167	
-0.988156	0.142645	0.05657	0.0410951	
-0.0516396	0.0380352	-0.997941	0.521365	
0	0	0	1	
-0.144745	-0.989044	-0.029	0.440527	
-0.988135	0.142967	0.0561304	0.0414906	
-0.0513694	0.0367805	-0.998002	0.521173	
0	0	0	1	
-0.144863	-0.98906	-0.0278501	0.440036	
-0.988128	0.143156	0.0557656	0.0417899	
-0.0511686	0.0355978	-0.998055	0.52103	
0	0	0	1	
-0.144948	-0.989081	-0.0266113	0.439423	
-0.988126	0.143319	0.0553701	0.0421641	
-0.0509517	0.0343211	-0.998111	0.520901	
0	0	0	1	
-0.14519	-0.989078	-0.0253826	0.43892	
-0.988096	0.143632	0.0551078	0.0424485	
-0.0508601	0.0330815	-0.998158	0.520827	
0	0	0	1	
-0.145444	-0.989067	-0.0243244	0.438467	
-0.988062	0.143946	0.0548874	0.0427121	
-0.0507859	0.0320171	-0.998196	0.52076	
0	0	0	1	
-0.145648	-0.989057	-0.0235018	0.438059	
-0.988034	0.144196	0.0547416	0.0429628	
-0.0507537	0.0311935	-0.998224	0.520551	
0	0	0	1	
-0.145632	-0.989072	-0.0229674	0.437747	
-0.988046	0.144216	0.0544753	0.0432816	
-0.0505678	0.0306262	-0.998251	0.52033	
0	0	0	1	
-0.145636	-0.989084	-0.0224232	0.437534	
-0.988049	0.144252	0.0543188	0.0434509	
-0.0504912	0.030066	-0.998272	0.520149	
0	0	0	1	
-0.145721	-0.989089	-0.0216505	0.437303	
-0.988037	0.14438	0.0541999	0.0435573	
-0.0504827	0.0292895	-0.998295	0.520084	
0	0	0	1	
-0.146222	-0.989027	-0.0210853	0.43711	
-0.987966	0.144912	0.0540772	0.043417	
-0.0504283	0.0287388	-0.998314	0.519979	
0	0	0	1	
-0.145995	-0.989066	-0.0208539	0.436944	
-0.987989	0.144692	0.0542357	0.0437321	
-0.0506253	0.0285215	-0.99831	0.519815	
0	0	0	1	
-0.14628	-0.989036	-0.0202662	0.436925	
-0.987959	0.145016	0.0539264	0.0436345	
-0.0503962	0.0279106	-0.998339	0.519813	
0	0	0	1	
-0.146043	-0.989074	-0.0201004	0.43673	
-0.987981	0.144781	0.054139	0.0439006	
-0.0506374	0.0277654	-0.998331	0.519647	
0	0	0	1	
-0.146296	-0.989043	-0.0198101	0.436643	
-0.987934	0.145044	0.0543105	0.0438915	
-0.0508421	0.0275165	-0.998328	0.519589	
0	0	0	1	
-0.146188	-0.98907	-0.0192423	0.436546	
-0.987959	0.144972	0.0540443	0.0439036	
-0.050664	0.0269112	-0.998353	0.519597	
0	0	0	1	
-0.14609	-0.989085	-0.0192206	0.436453	
-0.987972	0.144875	0.0540594	0.0440681	
-0.0506847	0.0268869	-0.998353	0.519426	
0	0	0	1	
-0.146036	-0.989093	-0.0191732	0.436407	
-0.987977	0.144822	0.0541128	0.0440956	
-0.0507459	0.0268451	-0.998351	0.519293	
0	0	0	1	
-0.145979	-0.989107	-0.0189025	0.436318	
-0.987973	0.144774	0.0543155	0.0440758	
-0.0509873	0.0266041	-0.998345	0.519259	
0	0	0	1	
-0.146309	-0.989058	-0.0189318	0.436304	
-0.987963	0.145122	0.0535629	0.0439725	
-0.0502294	0.0265407	-0.998385	0.519055	
0	0	0	1	
-0.146305	-0.989064	-0.0186316	0.43623	
-0.987951	0.145128	0.0537668	0.0439298	
-0.0504748	0.0262735	-0.99838	0.519127	
0	0	0	1	
-0.146352	-0.989064	-0.0182759	0.436288	
-0.987936	0.14519	0.0538783	0.0439429	
-0.0506356	0.0259407	-0.99838	0.519168	
0	0	0	1	
camera desired pose
-0.146044	-0.989055	-0.0210075	0.435997	
-0.987881	0.144677	0.0562195	0.0422674	
-0.0525649	0.0289634	-0.998197	0.517289	
0	0	0	1	
error feature
252.757	
253.432	
219.988	
202.735	
187.816	
178.332	
170.114	
162.711	
156.327	
149.229	
140.575	
130.411	
124.858	
118.698	
113.312	
107.899	
102.105	
96.4641	
89.456	
82.2086	
75.5138	
69.0816	
61.595	
54.4677	
49.4448	
44.6872	
40.5054	
36.3586	
32.767	
30.2908	
27.1536	
23.9866	
21.1784	
19.3659	
17.1956	
15.409	
13.4939	
11.8077	
10.2116	
9.18689	
7.95356	
6.9754	
6.60515	
5.67743	
5.0499	
4.40753	
3.86249	
3.08412	
2.95845	
2.54694	
2.35871	
2.29671	
2.28888	
2.04802	
1.88922	
1.61974	
1.62667	
1.36831	
1.47452	
1.35892	
1.1172	
0.96062	
0.924842	
0.922239	
0.810569	
0.787278	
0.867864	
0.776039	
0.691952	
0.755389	
0.646114	
0.597677	
0.637561	
0.543297	
0.489069	
0.490283	
0.345529	
0.285804	
0.253264	
0.280291	
0.157585	
0.17019	
0.153871	
0.0822492	
0.0871318	
0.100735	
0.0871577	
0.104759	
0.094048	
0.0571916	
error pixel ave
0.0609571	
0.0613752	
0.0606327	
0.0596706	
0.0587737	
0.0578639	
0.0576106	
0.0569691	
0.0566131	
0.0558617	
0.0544771	
0.053401	
0.0524309	
0.0512132	
0.0501481	
0.0490016	
0.0478402	
0.0463177	
0.0449682	
0.0429473	
0.0416054	
0.0400059	
0.0384987	
0.0370964	
0.0361588	
0.0352333	
0.0340269	
0.0328616	
0.0316494	
0.0308622	
0.0296656	
0.0282853	
0.027014	
0.0260022	
0.0249868	
0.0239992	
0.0229329	
0.0217642	
0.020725	
0.0198555	
0.0189101	
0.0180583	
0.0176469	
0.0168111	
0.0159757	
0.0152107	
0.0146007	
0.0139374	
0.0134583	
0.0129042	
0.012535	
0.0122428	
0.0120728	
0.0117663	
0.0113999	
0.0109011	
0.0106789	
0.0100978	
0.00994765	
0.00921574	
0.00889169	
0.00822177	
0.00813694	
0.00810934	
0.00765381	
0.00747303	
0.0070054	
0.00648644	
0.00628288	
0.00626611	
0.00604134	
0.00595112	
0.00550634	
0.00507801	
0.00491112	
0.00493047	
0.00452709	
0.00374313	
0.0033632	
0.00320877	
0.0021455	
0.00226883	
0.00198614	
0.00120302	
0.00144508	
0.00149537	
0.00137016	
0.00126033	
0.000974365	
0.000399684	
order
6	
6	
6	
6	
6	
6	
6	
6	
6	
6	
6	
6	
6	
6	
6	
6	
6	
6	
6	
6	
6	
6	
6	
6	
6	
6	
6	
6	
6	
6	
6	
6	
6	
6	
6	
6	
6	
6	
6	
6	
6	
6	
6	
6	
6	
6	
6	
7	
7	
7	
7	
7	
7	
7	
7	
7	
7	
7	
7	
8	
8	
8	
8	
8	
8	
8	
9	
9	
9	
9	
10	
10	
10	
10	
11	
11	
11	
12	
12	
12	
14	
13	
14	
15	
15	
15	
15	
15	
15	
16	
ax
6	
6	
7	
7	
7	
7	
7	
7	
7	
7	
7	
7	
7	
7	
7	
7	
7	
8	
8	
8	
8	
8	
8	
8	
8	
8	
8	
8	
8	
8	
8	
8	
8	
8	
8	
8	
8	
8	
8	
8	
8	
8	
8	
8	
8	
8	
8	
8	
8	
8	
8	
8	
8	
8	
8	
8	
8	
8	
8	
8	
8	
8	
8	
8	
8	
8	
8	
8	
8	
8	
8	
8	
8	
8	
8	
8	
8	
8	
8	
8	
8	
8	
8	
8	
8	
8	
8	
8	
8	
8	
bx
6	
6	
6	
6	
6	
6	
6	
6	
6	
6	
6	
7	
7	
7	
7	
7	
7	
7	
7	
8	
8	
8	
8	
8	
8	
8	
8	
8	
8	
8	
8	
8	
8	
8	
8	
8	
8	
8	
7	
7	
7	
7	
7	
7	
7	
7	
7	
7	
7	
7	
7	
7	
7	
7	
7	
7	
7	
7	
7	
7	
7	
7	
7	
7	
7	
7	
7	
7	
7	
7	
7	
7	
7	
7	
7	
7	
7	
7	
7	
7	
7	
7	
7	
7	
7	
7	
7	
7	
7	
7	
ay
4	
4	
4	
4	
4	
4	
4	
4	
4	
4	
4	
4	
4	
4	
4	
4	
4	
4	
4	
4	
4	
4	
4	
4	
4	
4	
4	
4	
4	
4	
4	
4	
4	
4	
4	
4	
4	
4	
4	
4	
4	
4	
4	
4	
4	
4	
4	
4	
4	
4	
4	
4	
4	
4	
4	
4	
4	
4	
4	
4	
4	
4	
4	
4	
4	
4	
4	
4	
4	
4	
4	
4	
4	
4	
4	
4	
4	
4	
4	
4	
4	
4	
4	
4	
4	
4	
4	
4	
4	
4	
by
5	
5	
5	
5	
5	
5	
5	
5	
5	
5	
5	
5	
5	
5	
5	
5	
5	
5	
5	
5	
5	
5	
5	
5	
5	
5	
5	
5	
5	
5	
5	
5	
5	
5	
5	
5	
5	
5	
5	
5	
5	
5	
5	
5	
5	
5	
5	
5	
5	
5	
5	
5	
5	
5	
5	
5	
5	
5	
5	
5	
5	
5	
5	
5	
5	
5	
5	
5	
5	
5	
5	
5	
5	
5	
5	
5	
5	
5	
5	
5	
5	
5	
5	
5	
5	
5	
5	
5	
5	
5	
