camera velocity
-9.99297e-06	-0.000104084	0.000360072	-0.00103413	7.91889e-05	0.00185735	
-9.04498e-06	-0.000134552	0.000342536	-0.00111534	6.65377e-05	0.00181631	
-2.44617e-05	-0.000150629	0.000383154	-0.00114501	0.000108977	0.00169785	
-3.53108e-05	-0.000188037	0.000433142	-0.00123117	0.00012639	0.00150721	
-4.96017e-05	-0.000240641	0.000477492	-0.0013657	0.000136859	0.00137518	
-5.75945e-05	-0.000197652	0.000529978	-0.00123035	0.000175715	0.00123624	
-5.29325e-05	-0.000241271	0.000592804	-0.001361	0.000129354	0.00108669	
-0.000101948	-0.000280545	0.000669782	-0.00146096	0.000231383	0.00090274	
-0.000103801	-0.00030124	0.000756123	-0.00154824	0.000199042	0.00074475	
-0.000103941	-0.000293	0.000845586	-0.00152907	0.000182577	0.000558763	
-0.000129966	-0.000281118	0.000910175	-0.00149157	0.000223092	0.000441658	
-0.000151706	-0.000297223	0.00100721	-0.00153955	0.000236775	0.000262288	
-0.000119529	-0.000219415	0.00112689	-0.00134344	0.00017326	0.000145143	
-0.000138266	-0.000164747	0.00120383	-0.00120681	0.000205138	9.93728e-05	
-0.00015098	-0.000132152	0.00130959	-0.00111729	0.000224606	-1.8352e-05	
-0.000161055	-6.77098e-05	0.00138188	-0.000947407	0.000247391	-6.0424e-05	
-0.000132723	-1.17052e-05	0.00147211	-0.000821349	0.000180327	-8.48182e-05	
-0.0001327	4.0291e-05	0.00156106	-0.000676213	0.000176542	-0.000199152	
-0.000163282	0.000122158	0.00169228	-0.000478861	0.000231669	-0.000183406	
-0.000138887	0.000165164	0.00178104	-0.000360564	0.000181195	-0.000214875	
-0.000159926	0.000216362	0.00185532	-0.000235693	0.000218675	-0.000215315	
-0.000122282	0.000307109	0.00197898	-1.46243e-05	0.000142511	-9.97163e-05	
-0.000147074	0.000337971	0.00207633	6.8082e-05	0.000183397	-6.2833e-05	
-0.000156338	0.000390155	0.00216392	0.000192656	0.000205465	4.77713e-05	
-0.00014572	0.000437662	0.00224236	0.000327173	0.000172701	6.00921e-05	
-0.000148596	0.000471796	0.00234453	0.000409173	0.000168614	0.000208988	
-9.52024e-05	0.000493652	0.00243116	0.000469232	5.06645e-05	0.000317613	
-0.000134386	0.000536865	0.00253152	0.000577982	0.00011325	0.000440766	
-0.000103786	0.000565676	0.00265714	0.00064594	2.28074e-05	0.00071561	
-0.000125086	0.00056084	0.00274714	0.000634719	4.73883e-05	0.000915557	
-0.000117867	0.000580517	0.00286389	0.000685061	1.02318e-05	0.00114226	
-6.8239e-05	0.000577424	0.0029946	0.000664076	-0.000131891	0.00145687	
-8.9161e-05	0.000557499	0.00309528	0.000629241	-0.00012509	0.00174053	
1.31093e-05	0.000519876	0.00327272	0.000512752	-0.000399346	0.00207378	
4.48288e-05	0.000473623	0.00340534	0.000383906	-0.000518813	0.00244038	
2.24415e-05	0.000376294	0.00349492	0.000130707	-0.000522425	0.00272654	
7.5114e-05	0.000275487	0.00372704	-0.00018657	-0.000714918	0.00323963	
2.76567e-05	0.000132251	0.00382573	-0.000583473	-0.000663643	0.00358838	
7.54163e-05	-4.01211e-05	0.00402628	-0.00108444	-0.000851563	0.00420537	
-9.73227e-05	-0.000181858	0.00409648	-0.00148888	-0.000510981	0.00467898	
-0.000385068	-0.000309794	0.00425149	-0.00187101	7.6082e-05	0.00525397	
-0.000768032	-0.000367964	0.00423316	-0.00203151	0.000938778	0.00550968	
-0.00111693	-0.000262006	0.00430445	-0.00175271	0.00170868	0.00579757	
-0.00161271	-3.09871e-05	0.00423037	-0.00114548	0.0028727	0.00579822	
-0.00108046	-0.00118059	0.00383719	-0.00449213	0.00150288	0.00712517	
-0.00121856	-0.000681217	0.00374163	-0.00305274	0.00182516	0.00685595	
-0.00140557	-0.000123017	0.00366218	-0.00137362	0.00225341	0.00638557	
-0.00128817	0.000322182	0.00353626	-2.42962e-05	0.00195901	0.00574262	
-0.0011908	0.000579526	0.00335959	0.000805354	0.00174394	0.00508496	
-0.00128614	0.000601583	0.00334346	0.00104293	0.00198446	0.00359002	
-0.00103112	8.51129e-05	0.00313693	-0.000273223	0.00140483	0.00321269	
-0.000726834	-0.000438468	0.00291446	-0.00164549	0.000736706	0.00290423	
-0.000679617	-0.000888417	0.0026151	-0.00282291	0.00073948	0.00267069	
-0.000803165	-0.0011447	0.00230895	-0.00350023	0.00118909	0.00250846	
-0.000937971	-0.00113618	0.00204997	-0.00350172	0.00163455	0.00237083	
-0.000961701	-0.00114186	0.0017866	-0.00347518	0.0017889	0.00228032	
-0.000923941	-0.00117211	0.00155702	-0.00353631	0.00178133	0.00216811	
-0.000997176	-0.00109066	0.00141432	-0.0033071	0.00201747	0.00202678	
-0.000950501	-0.00103392	0.00126791	-0.00315319	0.00194722	0.0018994	
-0.000962509	-0.000992779	0.00114849	-0.00305535	0.00203608	0.00179185	
-0.000931035	-0.000962249	0.00101328	-0.002981	0.00200128	0.00166978	
-0.000904731	-0.000903644	0.000923636	-0.00282505	0.00197179	0.00154574	
-0.000862572	-0.000851664	0.000849024	-0.00268352	0.00188036	0.00143604	
-0.000823465	-0.000847866	0.000763886	-0.00269187	0.00180541	0.0013427	
-0.000781874	-0.000779698	0.000703048	-0.00252194	0.00173565	0.00124882	
-0.000711767	-0.000830862	0.000610112	-0.00268362	0.00159175	0.00117444	
-0.000661795	-0.000861395	0.000524576	-0.00278131	0.00147799	0.00107775	
-0.000595404	-0.000843813	0.000454642	-0.00272962	0.0013339	0.000982893	
-0.000585217	-0.000857713	0.000402443	-0.00279387	0.00133747	0.00093641	
-0.000550538	-0.000856736	0.000345676	-0.00278174	0.00125981	0.000877174	
-0.000528204	-0.000789123	0.000313083	-0.00260407	0.00121625	0.00083239	
-0.000470241	-0.000776921	0.000276384	-0.00258858	0.00107337	0.000788386	
-0.000467118	-0.000785817	0.000233438	-0.00261607	0.00107721	0.0007439	
-0.000439306	-0.000768638	0.000207509	-0.00258516	0.0010062	0.000708296	
-0.000426565	-0.00074579	0.000177752	-0.00249928	0.000979812	0.000681599	
-0.000355554	-0.000765057	0.000126995	-0.00255002	0.000798349	0.000612374	
-0.000351311	-0.000719612	0.000113152	-0.00242309	0.000790583	0.000562803	
-0.00029866	-0.000716591	7.8002e-05	-0.00240614	0.000660084	0.000505612	
-0.00027217	-0.000668032	6.1776e-05	-0.00226884	0.000591075	0.000467329	
-0.000208926	-0.000700939	2.14278e-05	-0.00237498	0.000424355	0.000419677	
-0.000250378	-0.000591888	3.79115e-05	-0.00206324	0.00054919	0.000398132	
-0.00018658	-0.000592684	4.0552e-06	-0.00206613	0.000391474	0.000365705	
-0.000161626	-0.000567494	1.30519e-06	-0.00200044	0.000329069	0.000318749	
-0.000150725	-0.000543969	-1.38382e-05	-0.00191119	0.000306133	0.00028527	
-0.000111991	-0.000535835	-3.43758e-05	-0.00187486	0.000209756	0.000254942	
-9.57831e-05	-0.000477318	-3.31535e-05	-0.00169283	0.000173332	0.000234615	
-9.17362e-05	-0.000444906	-2.68864e-05	-0.00161364	0.000177292	0.000238315	
-6.29402e-05	-0.000467532	-5.93781e-05	-0.00166238	9.81615e-05	0.000203425	
-4.42297e-05	-0.000444436	-6.37953e-05	-0.00159691	5.61463e-05	0.000194068	
-5.04076e-05	-0.000402675	-5.77509e-05	-0.00148519	6.88113e-05	0.000172629	
-2.2869e-05	-0.000380252	-6.80465e-05	-0.00140939	-8.03302e-07	0.00015287	
-2.10047e-05	-0.000386716	-7.13791e-05	-0.00143332	4.30751e-06	0.000153645	
-4.57786e-05	-0.000302456	-4.94196e-05	-0.00118047	7.54358e-05	0.000143465	
6.32913e-06	-0.000348664	-8.42688e-05	-0.00129283	-7.0781e-05	0.000121371	
-1.87417e-05	-0.000305234	-7.04849e-05	-0.00116302	-3.71449e-07	0.000120494	
5.81127e-06	-0.000316706	-8.67961e-05	-0.00117324	-6.75858e-05	9.74284e-05	
-5.50049e-06	-0.000284604	-8.39383e-05	-0.00107143	-4.25944e-05	8.42281e-05	
-1.94704e-05	-0.000225207	-6.56457e-05	-0.000915664	7.2333e-06	9.17945e-05	
2.90975e-05	-0.000276201	-9.08115e-05	-0.00104388	-0.000124851	7.415e-05	
1.76418e-05	-0.0002657	-8.45602e-05	-0.000998131	-8.89392e-05	6.86746e-05	
2.36106e-05	-0.000226932	-8.41224e-05	-0.000892129	-0.000121677	6.62193e-05	
4.96901e-05	-0.000269096	-9.80025e-05	-0.00101709	-0.000174001	6.05651e-05	
6.06277e-05	-0.000269429	-0.000102452	-0.00100075	-0.000200308	5.81121e-05	
6.08062e-05	-0.00024754	-0.000103365	-0.000940848	-0.000218681	5.07622e-05	
1.59076e-07	-0.000156847	-6.87567e-05	-0.000676445	-4.2456e-05	5.29567e-05	
4.77052e-05	-0.000191636	-8.86246e-05	-0.000775966	-0.000172276	3.40582e-05	
2.06652e-05	-0.000146313	-6.78212e-05	-0.000640064	-8.86435e-05	5.96937e-05	
5.27383e-05	-0.000190892	-8.87665e-05	-0.000756854	-0.000188857	4.60728e-05	
2.07238e-06	-0.000124624	-5.71268e-05	-0.000567418	-5.17785e-05	4.9077e-05	
3.35351e-05	-0.000148546	-7.37758e-05	-0.000617072	-0.00014104	4.04688e-05	
6.38517e-05	-0.000194302	-9.13116e-05	-0.00073948	-0.000207516	3.88102e-05	
7.19593e-05	-0.000191845	-8.99408e-05	-0.00073256	-0.0002337	3.42851e-05	
6.45511e-05	-0.000170032	-7.84567e-05	-0.000659586	-0.000224293	2.25066e-05	
2.27032e-05	-0.000121351	-6.6843e-05	-0.000500561	-0.000107242	2.10824e-05	
5.66428e-05	-0.000138316	-8.14009e-05	-0.000548534	-0.000199264	9.97478e-06	
3.94278e-05	-0.000123743	-7.3191e-05	-0.0004975	-0.000158104	1.29959e-05	
2.067e-05	-0.000112618	-6.71302e-05	-0.000464467	-0.000106862	2.63781e-05	
4.09248e-05	-0.000129822	-7.10133e-05	-0.00051726	-0.000160776	1.94631e-05	
8.08274e-06	-8.07258e-05	-5.27065e-05	-0.0003723	-6.27156e-05	1.4634e-05	
-2.21822e-06	-3.89991e-05	-4.8336e-05	-0.00024329	-4.00262e-05	2.72166e-05	
1.19813e-05	-7.04594e-05	-5.41501e-05	-0.000332277	-8.52795e-05	8.60288e-06	
-5.24407e-06	-6.67934e-05	-4.57627e-05	-0.000311817	-2.43166e-05	1.38758e-05	
-4.80119e-06	-4.33658e-05	-3.49771e-05	-0.000241705	-2.7139e-05	1.19998e-05	
2.29583e-05	-8.89061e-05	-5.17343e-05	-0.000368814	-0.000106046	1.98538e-05	
2.35299e-05	-9.01266e-05	-5.13155e-05	-0.00036197	-0.000113292	1.7982e-05	
4.10558e-05	-9.36689e-05	-5.71829e-05	-0.000373189	-0.000141465	5.54467e-06	
4.65666e-05	-0.00010677	-6.22364e-05	-0.000407672	-0.000164962	1.96464e-06	
4.50957e-05	-0.000118903	-6.59949e-05	-0.000438016	-0.000167267	1.41996e-05	
5.06588e-05	-0.000109381	-6.14529e-05	-0.00041627	-0.000174847	1.81577e-05	
7.31726e-05	-0.000131559	-7.00979e-05	-0.000480258	-0.000232738	-1.02004e-06	
1.70713e-06	-5.05487e-05	-2.98318e-05	-0.000253492	-3.67689e-05	1.62461e-05	
5.80337e-06	-6.68481e-05	-4.24055e-05	-0.00028435	-4.88962e-05	8.26779e-06	
4.04064e-05	-9.65123e-05	-5.26243e-05	-0.000374463	-0.000136541	3.24002e-06	
2.32145e-05	-8.6552e-05	-4.74626e-05	-0.000341397	-9.74749e-05	9.88662e-06	
4.4522e-05	-0.000105622	-5.43093e-05	-0.000390409	-0.000147296	5.89861e-06	
8.32045e-05	-0.000125077	-6.42638e-05	-0.000451139	-0.000250701	8.1039e-05	
6.6994e-05	-0.000115251	-6.19988e-05	-0.000422335	-0.000209617	4.30997e-06	
5.88165e-05	-9.18992e-05	-5.65364e-05	-0.000352004	-0.000190524	6.96728e-05	
6.13737e-05	-0.000130677	-6.08275e-05	-0.00046334	-0.000207587	7.29349e-05	
4.6543e-07	-0.00012301	-4.78838e-05	-0.000434471	-7.15337e-06	2.66856e-05	
3.22345e-05	-8.19271e-05	-4.25916e-05	-0.000324356	-0.000113489	5.03487e-05	
1.55149e-05	-3.36545e-05	-3.90538e-05	-0.000169712	-7.4502e-05	5.27329e-05	
1.99562e-05	-6.29694e-05	-4.16123e-05	-0.000246756	-8.07918e-05	6.0828e-05	
2.07033e-05	-0.000105024	-4.26404e-05	-0.000376335	-7.90612e-05	4.90448e-05	
6.27363e-05	-0.00010484	-5.16882e-05	-0.000354061	-0.000221896	2.89118e-05	
0.000104125	-0.000114063	-6.04074e-05	-0.000382218	-0.000336768	8.88402e-06	
5.91549e-05	-8.90724e-05	-4.71746e-05	-0.000316896	-0.000213113	3.07611e-05	
4.78298e-05	-6.79853e-05	-3.96806e-05	-0.000262228	-0.000176244	8.86542e-06	
7.67725e-05	-9.15554e-05	-4.45154e-05	-0.000324601	-0.000256591	-7.41887e-07	
4.82929e-05	-6.53395e-05	-3.95144e-05	-0.000234586	-0.000183325	2.7972e-06	
7.54966e-05	-0.000109068	-4.2608e-05	-0.000359818	-0.00025519	-1.77708e-05	
9.33183e-05	-9.8798e-05	-3.8703e-05	-0.000329992	-0.000298087	-1.74424e-05	
9.48686e-05	-8.9197e-05	-3.77977e-05	-0.000301087	-0.000299536	-2.05616e-05	
7.23308e-05	-8.99238e-05	-3.40599e-05	-0.000297465	-0.000232427	-1.22427e-05	
7.67812e-05	-9.1299e-05	-3.24929e-05	-0.000303631	-0.000244441	-1.61593e-05	
7.43969e-05	-8.44715e-05	-3.08956e-05	-0.000281326	-0.000229421	-1.20655e-05	
7.98033e-05	-7.88457e-05	-2.79858e-05	-0.00026794	-0.000238972	-8.99646e-06	
5.77094e-05	-6.52402e-05	-2.00539e-05	-0.000247577	-0.00016769	-4.71885e-06	
5.3045e-05	-5.95782e-05	-1.83595e-05	-0.000230079	-0.000154053	-8.72203e-06	
6.73225e-05	-6.61787e-05	-1.87257e-05	-0.000248781	-0.000214882	-1.69259e-05	
2.97869e-05	-4.86554e-05	-1.53016e-05	-0.000197445	-0.000101913	-1.66053e-05	
4.20341e-05	-5.17307e-05	-1.47871e-05	-0.000203751	-0.000137535	-1.54023e-05	
3.15166e-05	-4.70566e-05	-1.77695e-05	-0.000181848	-0.000102205	-6.27559e-06	
1.7159e-05	-3.55159e-05	-1.6593e-05	-0.000154569	-8.59143e-05	-1.22995e-05	
2.0369e-05	-4.16601e-05	-1.62936e-05	-0.000166428	-7.90849e-05	1.13605e-07	
2.68459e-05	-3.80159e-05	-1.86933e-05	-0.000146747	-9.36012e-05	-7.46737e-06	
2.42909e-05	-3.43499e-05	-1.6578e-05	-0.000140102	-8.42573e-05	-1.0457e-05	
1.49735e-05	-3.24035e-05	-1.87691e-05	-0.000119627	-7.90578e-05	-1.14352e-05	
1.40725e-05	-2.37204e-05	-1.72129e-05	-0.000107593	-5.07761e-05	2.07976e-06	
1.79545e-05	-2.60811e-05	-1.42632e-05	-0.000111908	-6.90964e-05	-1.09087e-05	
1.80362e-05	-2.18993e-05	-1.18433e-05	-0.000101148	-6.77375e-05	-7.1234e-06	
1.67937e-05	-2.04481e-05	-1.08412e-05	-9.91751e-05	-6.34014e-05	4.5481e-06	
4.67988e-06	-1.97989e-05	-9.10017e-06	-0.000100901	-5.22142e-05	-5.1369e-06	
1.12127e-05	-1.98039e-05	-1.09053e-05	-9.59562e-05	-7.96908e-05	1.01778e-06	
-2.66638e-06	5.79385e-07	1.7441e-07	-6.23267e-05	-3.29752e-05	-5.02643e-06	
1.5498e-05	-1.07282e-05	-1.25255e-05	-5.44405e-05	-4.56455e-05	3.10206e-06	
1.41576e-05	-6.04524e-06	-1.40882e-05	-3.85513e-05	-4.26347e-05	5.75812e-06	
8.14527e-06	-1.01671e-05	-1.44841e-05	-4.99559e-05	-4.37889e-05	4.98018e-06	
9.82325e-06	-1.04041e-05	-1.59374e-05	-2.53782e-05	-3.25078e-05	-1.42046e-06	
camera pose
0.101526	-0.967544	0.231409	0.368535	
-0.994339	-0.0913607	0.0542589	-0.0335822	
-0.0313562	-0.235608	-0.971342	0.640487	
0	0	0	1	
0.101523	-0.967544	0.231412	0.368533	
-0.994339	-0.091358	0.0542568	-0.0335835	
-0.0313545	-0.23561	-0.971342	0.640491	
0	0	0	1	
0.0982821	-0.968219	0.229984	0.36897	
-0.994652	-0.0882025	0.0537307	-0.0338616	
-0.0317379	-0.234035	-0.97171	0.639943	
0	0	0	1	
0.0944885	-0.969144	0.227664	0.369532	
-0.994995	-0.0844658	0.0533945	-0.0340625	
-0.0325172	-0.23157	-0.972275	0.639131	
0	0	0	1	
0.0912674	-0.969909	0.225712	0.370051	
-0.995265	-0.0812345	0.0533649	-0.0340986	
-0.0334235	-0.229514	-0.972731	0.638437	
0	0	0	1	
0.0882744	-0.970674	0.223605	0.37067	
-0.995539	-0.0784685	0.0523839	-0.0342703	
-0.0333017	-0.227232	-0.973271	0.63765	
0	0	0	1	
0.0856163	-0.971506	0.22101	0.371515	
-0.995744	-0.0758395	0.0523657	-0.0341142	
-0.0341123	-0.224553	-0.973865	0.636671	
0	0	0	1	
0.0827854	-0.972433	0.217994	0.37224	
-0.995982	-0.0732378	0.0515335	-0.0341339	
-0.0341474	-0.221385	-0.974589	0.635396	
0	0	0	1	
0.0805474	-0.973287	0.214997	0.373031	
-0.996151	-0.0711253	0.0512198	-0.033985	
-0.0345599	-0.218295	-0.975271	0.634145	
0	0	0	1	
0.0787969	-0.974201	0.21148	0.373856	
-0.996289	-0.0695845	0.0506677	-0.0337472	
-0.0346448	-0.214688	-0.976068	0.63263	
0	0	0	1	
0.077179	-0.974924	0.208725	0.374892	
-0.996405	-0.0680847	0.0504211	-0.0334295	
-0.0349459	-0.211866	-0.976674	0.631191	
0	0	0	1	
0.0757738	-0.975807	0.205082	0.376024	
-0.996545	-0.0670974	0.0489455	-0.033245	
-0.034001	-0.208082	-0.97752	0.629208	
0	0	0	1	
0.0748622	-0.976554	0.201834	0.377083	
-0.996601	-0.0662917	0.0489031	-0.0327478	
-0.0343765	-0.204809	-0.978198	0.627223	
0	0	0	1	
0.0742464	-0.977195	0.198939	0.378132	
-0.996665	-0.0659381	0.0480766	-0.0323932	
-0.0338626	-0.201845	-0.978832	0.625286	
0	0	0	1	
0.0737005	-0.97784	0.195951	0.379155	
-0.996725	-0.0656688	0.0471829	-0.0320605	
-0.0332695	-0.198786	-0.979478	0.622732	
0	0	0	1	
0.073394	-0.978334	0.193588	0.380009	
-0.996766	-0.0655878	0.0464383	-0.0316676	
-0.0327351	-0.196371	-0.979983	0.620306	
0	0	0	1	
0.0732647	-0.97881	0.191214	0.380906	
-0.996793	-0.065681	0.0457108	-0.0312075	
-0.0321831	-0.193949	-0.980483	0.617455	
0	0	0	1	
0.0733468	-0.979256	0.188887	0.381754	
-0.996792	-0.0658971	0.0454313	-0.0306183	
-0.0320418	-0.191613	-0.980947	0.61443	
0	0	0	1	
0.0734757	-0.979642	0.186822	0.382553	
-0.996793	-0.0661824	0.0449891	-0.0301908	
-0.0317089	-0.189528	-0.981363	0.611273	
0	0	0	1	
0.0737002	-0.97989	0.185429	0.38314	
-0.996796	-0.0665855	0.0443164	-0.029793	
-0.0310782	-0.188101	-0.981658	0.608004	
0	0	0	1	
0.0740393	-0.980055	0.184421	0.383592	
-0.996775	-0.0669904	0.0441723	-0.0291899	
-0.0309368	-0.187097	-0.981854	0.604443	
0	0	0	1	
0.0743621	-0.980177	0.183637	0.383972	
-0.996769	-0.0674494	0.0436159	-0.0287186	
-0.0303652	-0.186287	-0.982026	0.600404	
0	0	0	1	
0.0748457	-0.980253	0.183037	0.38424	
-0.996753	-0.068075	0.0430078	-0.0281939	
-0.0296983	-0.185661	-0.982165	0.596506	
0	0	0	1	
0.0750731	-0.980228	0.183078	0.384337	
-0.996729	-0.0682547	0.0432735	-0.0277221	
-0.029922	-0.185728	-0.982146	0.59273	
0	0	0	1	
0.0748862	-0.980197	0.183319	0.384436	
-0.996766	-0.0682019	0.0425086	-0.0273528	
-0.0291641	-0.185909	-0.982134	0.588123	
0	0	0	1	
0.0747687	-0.980163	0.183549	0.384435	
-0.99679	-0.0681773	0.0419717	-0.0268406	
-0.0286252	-0.186098	-0.982114	0.583233	
0	0	0	1	
0.074524	-0.980061	0.184194	0.384343	
-0.996808	-0.0679062	0.0419878	-0.0263762	
-0.0286427	-0.186735	-0.981993	0.578529	
0	0	0	1	
0.073834	-0.979953	0.185043	0.384223	
-0.996877	-0.0673105	0.0412999	-0.0260578	
-0.0280166	-0.187515	-0.981862	0.573533	
0	0	0	1	
0.0733049	-0.979808	0.186016	0.384143	
-0.996915	-0.0667409	0.0413158	-0.025671	
-0.0280667	-0.188471	-0.981678	0.568218	
0	0	0	1	
0.0725768	-0.979667	0.187041	0.383943	
-0.996969	-0.0659887	0.0412199	-0.0253106	
-0.0280392	-0.189466	-0.981487	0.563341	
0	0	0	1	
0.0713449	-0.979553	0.188111	0.38379	
-0.997052	-0.0646982	0.041248	-0.025036	
-0.0282342	-0.190499	-0.981281	0.558206	
0	0	0	1	
0.0695648	-0.979421	0.189459	0.383683	
-0.997165	-0.0628087	0.0414415	-0.024773	
-0.0286891	-0.191804	-0.981014	0.553128	
0	0	0	1	
0.0672449	-0.979313	0.190851	0.383521	
-0.997319	-0.0604419	0.0412524	-0.0245407	
-0.0288636	-0.193114	-0.980752	0.547185	
0	0	0	1	
0.0648926	-0.979239	0.192039	0.383504	
-0.997457	-0.0579708	0.0414513	-0.0243135	
-0.0294581	-0.194241	-0.980511	0.541216	
0	0	0	1	
0.0618916	-0.979266	0.192892	0.383541	
-0.997628	-0.0548615	0.0415813	-0.0241967	
-0.0301368	-0.195008	-0.980339	0.53539	
0	0	0	1	
0.0584369	-0.979311	0.193741	0.38375	
-0.997812	-0.0512888	0.0417124	-0.02433	
-0.0309126	-0.195755	-0.980165	0.529167	
0	0	0	1	
0.0540015	-0.979414	0.194502	0.384118	
-0.997998	-0.0465169	0.0428481	-0.0245337	
-0.0329184	-0.196427	-0.979966	0.522685	
0	0	0	1	
0.0490832	-0.979661	0.194562	0.384695	
-0.998201	-0.0414001	0.0433635	-0.0247771	
-0.0344267	-0.19634	-0.979931	0.515982	
0	0	0	1	
0.0435974	-0.979954	0.194395	0.385582	
-0.998362	-0.0355205	0.0448443	-0.0249739	
-0.0370403	-0.196032	-0.979898	0.50924	
0	0	0	1	
0.0369132	-0.980255	0.194261	0.386664	
-0.998531	-0.0284639	0.0461084	-0.0251923	
-0.0396685	-0.195678	-0.979866	0.501984	
0	0	0	1	
0.0281601	-0.980957	0.192175	0.388561	
-0.99868	-0.0193471	0.047583	-0.0256713	
-0.0429588	-0.193261	-0.980207	0.493224	
0	0	0	1	
0.0196092	-0.981756	0.189132	0.390544	
-0.998764	-0.0105932	0.0485644	-0.0257139	
-0.0456749	-0.189851	-0.98075	0.485353	
0	0	0	1	
0.00901095	-0.982574	0.185652	0.392794	
-0.998826	-6.35592e-06	0.048446	-0.0254662	
-0.0476007	-0.185871	-0.98142	0.477194	
0	0	0	1	
-0.00301538	-0.983367	0.181607	0.395381	
-0.998813	0.0117925	0.0472698	-0.0240898	
-0.0486252	-0.181248	-0.982234	0.468399	
0	0	0	1	
-0.0161262	-0.983929	0.177833	0.397871	
-0.998738	0.0243107	0.0439408	-0.0218299	
-0.0475578	-0.1769	-0.983079	0.459066	
0	0	0	1	
-0.0289485	-0.984073	0.175394	0.399585	
-0.998601	0.036238	0.0385008	-0.0187926	
-0.0442435	-0.174035	-0.983745	0.450584	
0	0	0	1	
-0.0427607	-0.984991	0.167222	0.403378	
-0.998137	0.04941	0.0358054	-0.0172447	
-0.0435305	-0.16538	-0.985269	0.443441	
0	0	0	1	
-0.0571718	-0.985361	0.160606	0.406395	
-0.997487	0.0631213	0.0321854	-0.0154299	
-0.041852	-0.158363	-0.986494	0.435764	
0	0	0	1	
-0.0702679	-0.985015	0.157503	0.408033	
-0.996748	0.0755772	0.0279698	-0.0131051	
-0.0394544	-0.155026	-0.987122	0.428569	
0	0	0	1	
-0.0819045	-0.984155	0.157261	0.408645	
-0.995928	0.086786	0.0244172	-0.0109563	
-0.0376784	-0.154621	-0.987255	0.421786	
0	0	0	1	
-0.0938011	-0.982877	0.1586	0.408636	
-0.994958	0.0982233	0.0202607	-0.0087449	
-0.035492	-0.1559	-0.987135	0.414456	
0	0	0	1	
-0.102227	-0.981716	0.160569	0.408653	
-0.994238	0.106067	0.015505	-0.00606272	
-0.0322526	-0.158059	-0.986903	0.407231	
0	0	0	1	
-0.109439	-0.981072	0.159755	0.409689	
-0.993528	0.112882	0.0126078	-0.00407542	
-0.0304025	-0.157341	-0.987076	0.400697	
0	0	0	1	
-0.115848	-0.980938	0.15601	0.41188	
-0.992821	0.119065	0.0114033	-0.00283495	
-0.0297612	-0.153569	-0.98769	0.394315	
0	0	0	1	
-0.121917	-0.981181	0.149731	0.415039	
-0.992128	0.124818	0.0100951	-0.00193307	
-0.0285942	-0.147322	-0.988675	0.388549	
0	0	0	1	
-0.126839	-0.981627	0.142548	0.417969	
-0.991552	0.129409	0.00886623	-0.000926094	
-0.0271503	-0.140219	-0.989748	0.384009	
0	0	0	1	
-0.131733	-0.981961	0.135646	0.421008	
-0.990968	0.133913	0.00703271	0.000395845	
-0.0250706	-0.133495	-0.990732	0.380124	
0	0	0	1	
-0.136322	-0.982232	0.128981	0.424022	
-0.990414	0.138055	0.0045533	0.00171339	
-0.0222788	-0.127124	-0.991637	0.376785	
0	0	0	1	
-0.140727	-0.982523	0.121835	0.42703	
-0.989857	0.142048	0.00217999	0.00299543	
-0.0194483	-0.120293	-0.992548	0.373742	
0	0	0	1	
-0.145292	-0.982735	0.114557	0.430055	
-0.989262	0.146151	-0.000902271	0.0045355	
-0.0158559	-0.113458	-0.993416	0.37076	
0	0	0	1	
-0.149777	-0.98287	0.107397	0.432971	
-0.988645	0.150214	-0.00405052	0.00597771	
-0.0121514	-0.106784	-0.994208	0.367973	
0	0	0	1	
-0.153419	-0.98295	0.101355	0.435421	
-0.988122	0.153522	-0.00682579	0.00732402	
-0.0088508	-0.101198	-0.994827	0.365783	
0	0	0	1	
-0.156753	-0.983028	0.0953098	0.437781	
-0.987623	0.156544	-0.00971497	0.00865489	
-0.0053701	-0.095653	-0.9954	0.363746	
0	0	0	1	
-0.15991	-0.983031	0.0898812	0.440043	
-0.987129	0.159441	-0.0124192	0.00989648	
-0.00212232	-0.0907103	-0.995875	0.361974	
0	0	0	1	
-0.163051	-0.983007	0.0843296	0.442404	
-0.986617	0.162327	-0.0154114	0.0112298	
0.00146047	-0.0857138	-0.996319	0.360136	
0	0	0	1	
-0.166227	-0.982965	0.0784066	0.444849	
-0.986075	0.165299	-0.0182253	0.0125426	
0.00495426	-0.0803444	-0.996755	0.358378	
0	0	0	1	
-0.169306	-0.982896	0.0724622	0.447127	
-0.985526	0.168201	-0.0211298	0.0137653	
0.00858018	-0.0749908	-0.997147	0.356622	
0	0	0	1	
-0.172103	-0.982853	0.0661874	0.449478	
-0.985007	0.17089	-0.0236088	0.0148617	
0.0118932	-0.0692582	-0.997528	0.355044	
0	0	0	1	
-0.174391	-0.982801	0.0607511	0.451521	
-0.984573	0.173146	-0.025233	0.0157165	
0.0142802	-0.0642143	-0.997834	0.353886	
0	0	0	1	
-0.176298	-0.982808	0.0548454	0.453498	
-0.984194	0.17505	-0.0268204	0.0165394	
0.0167586	-0.0587069	-0.998135	0.352641	
0	0	0	1	
-0.178454	-0.982733	0.0488937	0.455594	
-0.983759	0.177224	-0.0284716	0.0172451	
0.0193148	-0.0531805	-0.998398	0.351591	
0	0	0	1	
-0.180114	-0.982689	0.0433708	0.457616	
-0.983406	0.17892	-0.0300203	0.0178845	
0.0217407	-0.0480581	-0.998608	0.350759	
0	0	0	1	
-0.181759	-0.982616	0.0378122	0.459412	
-0.983046	0.180625	-0.0315392	0.0185239	
0.0241611	-0.0429036	-0.998787	0.349806	
0	0	0	1	
-0.183121	-0.982543	0.0328147	0.461159	
-0.982737	0.182058	-0.0329175	0.0189893	
0.0263687	-0.0382761	-0.998919	0.349089	
0	0	0	1	
-0.184517	-0.982469	0.0266275	0.463182	
-0.982398	0.183565	-0.0346074	0.0195984	
0.0291128	-0.0325444	-0.999046	0.34822	
0	0	0	1	
-0.18611	-0.982317	0.0204237	0.465169	
-0.982032	0.185315	-0.0356461	0.0201856	
0.0312309	-0.0266909	-0.999156	0.347399	
0	0	0	1	
-0.187618	-0.982135	0.0145126	0.467148	
-0.981665	0.186981	-0.0370284	0.0206353	
0.0336533	-0.0211937	-0.999209	0.346661	
0	0	0	1	
-0.189014	-0.981934	0.00888313	0.469124	
-0.981341	0.18856	-0.0376186	0.0210533	
0.035264	-0.0158278	-0.999253	0.346132	
0	0	0	1	
-0.190138	-0.981752	0.0033687	0.47088	
-0.981057	0.189872	-0.0384219	0.0213589	
0.0370811	-0.0106103	-0.999256	0.345524	
0	0	0	1	
-0.19128	-0.981534	-0.00196942	0.472595	
-0.980779	0.191211	-0.0388736	0.021569	
0.0385323	-0.00550417	-0.999242	0.344991	
0	0	0	1	
-0.192005	-0.981371	-0.00666118	0.474044	
-0.980585	0.192118	-0.0393003	0.0217793	
0.0398479	-0.00101401	-0.999205	0.344511	
0	0	0	1	
-0.193063	-0.981112	-0.0120407	0.475768	
-0.980341	0.193391	-0.0391406	0.0219516	
0.0407299	0.00424734	-0.999161	0.344142	
0	0	0	1	
-0.194133	-0.980838	-0.016407	0.477186	
-0.980092	0.19464	-0.0391841	0.0220697	
0.0416267	0.00847344	-0.999097	0.343817	
0	0	0	1	
-0.194857	-0.980604	-0.0211379	0.478583	
-0.979906	0.195565	-0.0392374	0.0222107	
0.0426102	0.0130674	-0.999006	0.34343	
0	0	0	1	
-0.195769	-0.980316	-0.0255949	0.480014	
-0.979695	0.196664	-0.0389994	0.022359	
0.0432653	0.0174403	-0.998911	0.343175	
0	0	0	1	
-0.196427	-0.98008	-0.029307	0.481111	
-0.979536	0.197481	-0.0388771	0.0224616	
0.0438903	0.0210707	-0.998814	0.342904	
0	0	0	1	
-0.196536	-0.979946	-0.0328471	0.482311	
-0.979493	0.19774	-0.0386334	0.0225468	
0.0443538	0.0245807	-0.998713	0.342757	
0	0	0	1	
-0.197184	-0.979694	-0.0362927	0.483334	
-0.979352	0.198529	-0.0381631	0.0224721	
0.0445934	0.0280181	-0.998612	0.34252	
0	0	0	1	
-0.197252	-0.979553	-0.0395876	0.484317	
-0.979308	0.198745	-0.0381625	0.0225536	
0.04525	0.0312408	-0.998487	0.342325	
0	0	0	1	
-0.197887	-0.979277	-0.0430893	0.485346	
-0.979168	0.199523	-0.0376858	0.0223277	
0.0455022	0.0347341	-0.99836	0.34217	
0	0	0	1	
-0.198284	-0.979044	-0.0464375	0.486307	
-0.979087	0.200048	-0.0370123	0.0222629	
0.0455264	0.0381274	-0.998235	0.342038	
0	0	0	1	
-0.198615	-0.978827	-0.0494934	0.487294	
-0.979008	0.200504	-0.0366268	0.0221648	
0.0457749	0.0411798	-0.998103	0.34198	
0	0	0	1	
-0.198894	-0.978625	-0.0522919	0.488012	
-0.978945	0.200892	-0.0361693	0.0220542	
0.0459012	0.043997	-0.997977	0.341829	
0	0	0	1	
-0.199278	-0.97837	-0.0555042	0.488939	
-0.978869	0.201391	-0.0354549	0.0218603	
0.0458661	0.0472659	-0.997829	0.341725	
0	0	0	1	
-0.199334	-0.978221	-0.0578749	0.489683	
-0.978844	0.201546	-0.0352573	0.0218363	
0.0461539	0.0496226	-0.997701	0.341702	
0	0	0	1	
-0.199971	-0.97792	-0.060695	0.49046	
-0.978726	0.202269	-0.0343788	0.0215468	
0.0458965	0.052529	-0.997564	0.341646	
0	0	0	1	
-0.20014	-0.977716	-0.0633609	0.491183	
-0.978688	0.202535	-0.0338921	0.0214249	
0.0459697	0.0552274	-0.997415	0.341556	
0	0	0	1	
-0.200347	-0.977544	-0.0653381	0.491913	
-0.978657	0.202796	-0.0332287	0.021302	
0.0457328	0.0572864	-0.99731	0.341656	
0	0	0	1	
-0.200518	-0.977335	-0.0678857	0.492545	
-0.978624	0.203049	-0.0326387	0.0211858	
0.0456831	0.05989	-0.997159	0.341531	
0	0	0	1	
-0.200677	-0.977168	-0.0697991	0.493051	
-0.978595	0.203267	-0.032163	0.0211408	
0.0456165	0.0618507	-0.997042	0.341516	
0	0	0	1	
-0.200841	-0.977002	-0.0716245	0.493639	
-0.978559	0.203494	-0.0318178	0.0208664	
0.0456611	0.0636984	-0.996924	0.341523	
0	0	0	1	
-0.201147	-0.976788	-0.0736533	0.494236	
-0.97852	0.203831	-0.0308594	0.0207458	
0.0451559	0.0658639	-0.996806	0.341559	
0	0	0	1	
-0.201121	-0.976634	-0.0757334	0.494742	
-0.978536	0.203853	-0.0301876	0.0206133	
0.0449207	0.0680365	-0.996671	0.341518	
0	0	0	1	
-0.201207	-0.976445	-0.0779168	0.495339	
-0.978522	0.204001	-0.0296418	0.0202829	
0.0448386	0.0702791	-0.996519	0.341535	
0	0	0	1	
-0.201534	-0.97622	-0.0798614	0.495934	
-0.978481	0.204343	-0.0286263	0.0200474	
0.0442647	0.0723737	-0.996395	0.341633	
0	0	0	1	
-0.201636	-0.976055	-0.0816084	0.496413	
-0.97848	0.204461	-0.0277862	0.0198061	
0.0438066	0.0742495	-0.996277	0.341645	
0	0	0	1	
-0.201569	-0.97598	-0.0826658	0.496735	
-0.978495	0.204422	-0.0275531	0.0198211	
0.0437899	0.0753343	-0.996196	0.341754	
0	0	0	1	
-0.201786	-0.975816	-0.0840562	0.497109	
-0.978461	0.204658	-0.0269957	0.0195442	
0.0435456	0.0767984	-0.996095	0.341782	
0	0	0	1	
-0.201728	-0.975733	-0.0851564	0.497443	
-0.978472	0.204632	-0.0267824	0.0194056	
0.0435582	0.0779204	-0.996008	0.341841	
0	0	0	1	
-0.202022	-0.975553	-0.0865039	0.497818	
-0.978433	0.204923	-0.0259932	0.01919	
0.0430843	0.079387	-0.995912	0.341914	
0	0	0	1	
-0.202035	-0.975459	-0.0875332	0.498043	
-0.978442	0.204942	-0.0255138	0.0192587	
0.0428269	0.0804914	-0.995835	0.341911	
0	0	0	1	
-0.202082	-0.975363	-0.0884912	0.498388	
-0.978436	0.205006	-0.0252026	0.0190997	
0.0427228	0.08149	-0.995758	0.342024	
0	0	0	1	
-0.202329	-0.975183	-0.0898923	0.498709	
-0.978405	0.205249	-0.0244313	0.0187821	
0.0422753	0.0830079	-0.995652	0.342042	
0	0	0	1	
-0.202472	-0.975006	-0.0914834	0.499135	
-0.978393	0.205396	-0.0236658	0.0185789	
0.0418646	0.084715	-0.995525	0.342032	
0	0	0	1	
-0.202597	-0.974865	-0.0926976	0.49945	
-0.978391	0.2055	-0.0228213	0.0183111	
0.0412971	0.086071	-0.995433	0.342061	
0	0	0	1	
-0.202486	-0.974791	-0.0937121	0.499691	
-0.978421	0.205399	-0.0224596	0.0182178	
0.0411419	0.0871421	-0.995346	0.342116	
0	0	0	1	
-0.202613	-0.974654	-0.0948525	0.50002	
-0.978412	0.205514	-0.02179	0.017981	
0.0407312	0.0883898	-0.995253	0.34217	
0	0	0	1	
-0.202682	-0.974567	-0.0956024	0.500324	
-0.978411	0.205569	-0.0212854	0.0178491	
0.0403969	0.0892243	-0.995192	0.342296	
0	0	0	1	
-0.202973	-0.974419	-0.0964856	0.500537	
-0.978365	0.205845	-0.0207125	0.0177561	
0.0400438	0.0901941	-0.995119	0.342334	
0	0	0	1	
-0.202879	-0.974358	-0.0972939	0.500877	
-0.978392	0.205752	-0.0203611	0.0176404	
0.0398574	0.0910608	-0.995047	0.342469	
0	0	0	1	
-0.203012	-0.974245	-0.0981497	0.500993	
-0.978366	0.205898	-0.0201263	0.0175087	
0.0398168	0.0919405	-0.994968	0.342389	
0	0	0	1	
-0.203174	-0.974154	-0.0987128	0.501059	
-0.978344	0.206044	-0.0197046	0.0175647	
0.0395346	0.0925716	-0.994921	0.342418	
0	0	0	1	
-0.203294	-0.974069	-0.0992982	0.501234	
-0.97833	0.20615	-0.0192896	0.0174407	
0.0392598	0.0932249	-0.994871	0.342514	
0	0	0	1	
-0.203029	-0.974066	-0.099873	0.501432	
-0.97838	0.20591	-0.0193328	0.0174364	
0.0393963	0.0937886	-0.994812	0.342594	
0	0	0	1	
-0.203048	-0.974031	-0.100171	0.501586	
-0.978373	0.205942	-0.0193447	0.0174185	
0.0394718	0.0940766	-0.994782	0.34273	
0	0	0	1	
-0.203338	-0.973893	-0.100926	0.501717	
-0.978339	0.206183	-0.0184976	0.017372	
0.0388239	0.0949785	-0.994722	0.342704	
0	0	0	1	
-0.203258	-0.973843	-0.10157	0.501878	
-0.978353	0.206122	-0.018438	0.0172655	
0.0388915	0.0956235	-0.994658	0.342717	
0	0	0	1	
-0.203381	-0.973726	-0.102436	0.502023	
-0.978347	0.206211	-0.0177183	0.0171547	
0.0383761	0.0966145	-0.994582	0.342701	
0	0	0	1	
-0.203107	-0.973718	-0.103056	0.502273	
-0.978408	0.20594	-0.0175292	0.0170247	
0.0382918	0.0972704	-0.994521	0.34281	
0	0	0	1	
-0.203444	-0.973562	-0.103864	0.502473	
-0.978359	0.206235	-0.0167647	0.016844	
0.0377419	0.0982055	-0.99445	0.342869	
0	0	0	1	
-0.203227	-0.973537	-0.104517	0.5027	
-0.97841	0.206015	-0.0165023	0.0167447	
0.0375977	0.0989068	-0.994386	0.342948	
0	0	0	1	
-0.203511	-0.973394	-0.105295	0.503005	
-0.978369	0.206261	-0.0158055	0.016556	
0.0371032	0.0998006	-0.994315	0.343003	
0	0	0	1	
-0.203479	-0.973339	-0.105865	0.503064	
-0.978381	0.206224	-0.0155476	0.0165647	
0.0369651	0.100413	-0.994259	0.342956	
0	0	0	1	
-0.203408	-0.973287	-0.106474	0.503175	
-0.978393	0.206171	-0.015506	0.0164528	
0.0370437	0.101019	-0.994195	0.342985	
0	0	0	1	
-0.203358	-0.973216	-0.107218	0.503388	
-0.97842	0.206087	-0.0149045	0.0164162	
0.0366016	0.101874	-0.994124	0.343029	
0	0	0	1	
-0.203508	-0.97311	-0.107892	0.503514	
-0.978398	0.206221	-0.0144992	0.016309	
0.0363589	0.102611	-0.994057	0.343071	
0	0	0	1	
-0.203799	-0.972969	-0.108615	0.503882	
-0.978353	0.206478	-0.013895	0.016064	
0.035946	0.103432	-0.993987	0.34318	
0	0	0	1	
-0.203868	-0.972834	-0.10969	0.504053	
-0.97835	0.206528	-0.0133377	0.0157925	
0.0356294	0.104596	-0.993876	0.343092	
0	0	0	1	
-0.203662	-0.972783	-0.11052	0.504301	
-0.978402	0.206308	-0.0129387	0.0156302	
0.0353878	0.105498	-0.99379	0.34318	
0	0	0	1	
-0.204131	-0.972621	-0.111082	0.504559	
-0.978331	0.206699	-0.0119878	0.0153989	
0.0346202	0.106228	-0.993739	0.343311	
0	0	0	1	
-0.204372	-0.972446	-0.112163	0.504854	
-0.978295	0.206907	-0.0113182	0.0151976	
0.0342136	0.107415	-0.993625	0.343291	
0	0	0	1	
-0.204395	-0.972323	-0.113188	0.505168	
-0.97829	0.206943	-0.0111074	0.015124	
0.0342234	0.10846	-0.993512	0.343361	
0	0	0	1	
-0.204656	-0.972173	-0.113995	0.505326	
-0.978244	0.207185	-0.0106676	0.0149697	
0.0339888	0.109331	-0.993424	0.343379	
0	0	0	1	
-0.204774	-0.972124	-0.114203	0.50549	
-0.978228	0.207274	-0.0103341	0.0148914	
0.0337173	0.1096	-0.993404	0.343472	
0	0	0	1	
-0.205107	-0.971936	-0.115203	0.505517	
-0.978152	0.207635	-0.0102633	0.0146984	
0.0338955	0.110581	-0.993289	0.343329	
0	0	0	1	
-0.204918	-0.971865	-0.11613	0.505849	
-0.978201	0.207427	-0.00981001	0.0146452	
0.0336225	0.111588	-0.993186	0.343341	
0	0	0	1	
-0.205147	-0.971735	-0.116819	0.506205	
-0.978172	0.207597	-0.00907456	0.0142896	
0.0330693	0.112407	-0.993112	0.343511	
0	0	0	1	
-0.205356	-0.971624	-0.117367	0.50646	
-0.978161	0.207697	-0.00794209	0.0140522	
0.0320936	0.113173	-0.993057	0.343646	
0	0	0	1	
-0.205465	-0.971498	-0.118216	0.506717	
-0.978158	0.207741	-0.00712991	0.0137983	
0.0314851	0.114169	-0.992962	0.343697	
0	0	0	1	
-0.205435	-0.971384	-0.119201	0.506834	
-0.978175	0.207679	-0.00658501	0.0135656	
0.0311522	0.115247	-0.992848	0.343597	
0	0	0	1	
-0.205882	-0.971199	-0.119938	0.507094	
-0.978109	0.208021	-0.00546225	0.0132217	
0.0302546	0.116188	-0.992766	0.343635	
0	0	0	1	
-0.205464	-0.97124	-0.120321	0.5073	
-0.978212	0.207552	-0.00494468	0.0131316	
0.0297754	0.116684	-0.992723	0.343777	
0	0	0	1	
-0.205631	-0.971095	-0.121207	0.507631	
-0.9782	0.207626	-0.00392969	0.0128161	
0.0289819	0.117757	-0.992619	0.343828	
0	0	0	1	
-0.205717	-0.970969	-0.122065	0.507857	
-0.97821	0.2076	-0.00277655	0.0124728	
0.0280365	0.118834	-0.992518	0.343819	
0	0	0	1	
-0.206018	-0.970839	-0.122588	0.508083	
-0.978175	0.207779	-0.00161669	0.0120378	
0.0270408	0.11958	-0.992456	0.34387	
0	0	0	1	
-0.206076	-0.970736	-0.123308	0.508314	
-0.978185	0.207735	-0.000614698	0.0118117	
0.0262122	0.120492	-0.992368	0.3439	
0	0	0	1	
-0.206099	-0.970646	-0.123974	0.508572	
-0.9782	0.207665	0.000303284	0.0115331	
0.0254507	0.121334	-0.992285	0.343951	
0	0	0	1	
-0.206	-0.970604	-0.124464	0.508891	
-0.978241	0.20747	0.00116862	0.0112483	
0.0246884	0.121997	-0.992223	0.34406	
0	0	0	1	
-0.206144	-0.970489	-0.125126	0.509066	
-0.978229	0.207519	0.00208752	0.0109327	
0.0239401	0.122832	-0.992139	0.344025	
0	0	0	1	
-0.206111	-0.970423	-0.125691	0.509237	
-0.978239	0.207469	0.00232802	0.0106076	
0.023818	0.123436	-0.992067	0.34404	
0	0	0	1	
-0.206351	-0.970287	-0.126342	0.509372	
-0.978206	0.207613	0.00323894	0.0104431	
0.0230876	0.124257	-0.991981	0.344001	
0	0	0	1	
-0.206314	-0.970222	-0.126902	0.509535	
-0.978227	0.2075	0.00394326	0.0101833	
0.0225063	0.124952	-0.991907	0.344027	
0	0	0	1	
-0.206322	-0.970139	-0.127521	0.509639	
-0.978233	0.207461	0.0044289	0.01013	
0.022159	0.125659	-0.991826	0.343937	
0	0	0	1	
-0.206335	-0.970066	-0.128051	0.509787	
-0.978233	0.207459	0.00464086	0.00982071	
0.0220634	0.126221	-0.991757	0.343914	
0	0	0	1	
-0.205931	-0.970102	-0.128435	0.50991	
-0.978326	0.207009	0.00503984	0.00987484	
0.021698	0.126689	-0.991705	0.343927	
0	0	0	1	
-0.206274	-0.969962	-0.128938	0.509995	
-0.978265	0.207278	0.00572526	0.00970783	
0.0211728	0.127316	-0.991636	0.343924	
0	0	0	1	
-0.206371	-0.969888	-0.129336	0.510179	
-0.97825	0.207341	0.00606937	0.00961817	
0.02093	0.127776	-0.991582	0.343949	
0	0	0	1	
-0.206394	-0.969813	-0.129861	0.510103	
-0.978245	0.207362	0.00616866	0.00940456	
0.0209457	0.128309	-0.991513	0.34388	
0	0	0	1	
-0.206277	-0.969822	-0.129984	0.510323	
-0.978278	0.207192	0.00659049	0.00945033	
0.0205401	0.12852	-0.991494	0.343962	
0	0	0	1	
-0.206298	-0.969771	-0.130331	0.510415	
-0.978279	0.207176	0.00693388	0.00932358	
0.0202772	0.12893	-0.991446	0.343979	
0	0	0	1	
-0.206284	-0.969745	-0.130547	0.5105	
-0.978283	0.207158	0.00699876	0.00931141	
0.0202568	0.129155	-0.991417	0.344066	
0	0	0	1	
-0.205874	-0.969785	-0.130896	0.510624	
-0.978369	0.206747	0.00703543	0.00931716	
0.0202395	0.129513	-0.991371	0.344067	
0	0	0	1	
-0.20608	-0.969729	-0.130987	0.510633	
-0.978328	0.206939	0.00716413	0.00904348	
0.0201591	0.129625	-0.991358	0.344052	
0	0	0	1	
-0.205912	-0.969692	-0.131518	0.510726	
-0.978361	0.20678	0.00717246	0.0089574	
0.0202401	0.130149	-0.991288	0.343996	
0	0	0	1	
-0.205932	-0.969731	-0.131203	0.510876	
-0.97836	0.206785	0.00723983	0.00894755	
0.0201101	0.129855	-0.991329	0.344213	
0	0	0	1	
-0.20611	-0.969582	-0.132019	0.510793	
-0.97834	0.206837	0.00833162	0.00910239	
0.0192282	0.130876	-0.991212	0.343979	
0	0	0	1	
-0.206074	-0.969575	-0.132124	0.510781	
-0.978347	0.206802	0.00834037	0.00909856	
0.019237	0.130982	-0.991198	0.343964	
0	0	0	1	
-0.20616	-0.969539	-0.132255	0.510771	
-0.97833	0.206879	0.00843247	0.00887453	
0.0191852	0.131127	-0.99118	0.343957	
0	0	0	1	
-0.206403	-0.969423	-0.132727	0.510676	
-0.978286	0.207065	0.00895283	0.00893533	
0.018804	0.131693	-0.991112	0.343906	
0	0	0	1	
camera desired pose
-0.207206	-0.969318	-0.13224	0.511609	
-0.978125	0.207805	0.00940771	0.00824296	
0.0183611	0.131297	-0.991173	0.344679	
0	0	0	1	
error feature
93.3686	
92.4565	
92.1955	
91.4972	
91.2058	
92.077	
91.0453	
90.9851	
90.4964	
90.0446	
90.1074	
87.9592	
88.9849	
89.4558	
88.6767	
89.0753	
88.4351	
87.3866	
88.2844	
87.6585	
87.1383	
88.1106	
86.7668	
87.2788	
85.5857	
85.2207	
84.4155	
84.8159	
84.4167	
84.2666	
83.6417	
83.8504	
82.5205	
81.9084	
81.5046	
79.6253	
80.709	
79.6581	
79.202	
78.6958	
77.8257	
76.1562	
76.1034	
75.0461	
71.6478	
68.3906	
64.7946	
61.8689	
58.2887	
56.5282	
52.3928	
48.2424	
43.1373	
38.186	
33.7322	
28.8179	
24.4574	
21.4241	
18.5742	
16.2018	
13.7886	
12.07	
10.7906	
9.56963	
8.55801	
7.36691	
6.42755	
5.478	
5.06977	
4.48086	
4.17598	
3.94359	
3.67459	
3.5654	
3.24695	
2.89614	
2.75088	
2.4927	
2.37631	
2.31374	
2.19127	
2.07689	
2.03648	
1.82278	
1.68325	
1.50674	
1.53887	
1.42034	
1.38983	
1.42618	
1.29003	
1.28102	
1.21655	
1.07473	
1.03614	
0.912065	
0.869294	
0.908467	
0.807887	
0.73744	
0.755645	
0.74808	
0.675516	
0.683742	
0.659662	
0.633845	
0.619649	
0.561719	
0.584292	
0.483277	
0.450147	
0.446275	
0.405135	
0.350227	
0.337335	
0.313391	
0.305188	
0.304173	
0.301277	
0.31061	
0.274632	
0.259444	
0.26125	
0.221481	
0.206218	
0.189188	
0.185774	
0.173952	
0.176627	
0.178812	
0.2016	
0.163696	
0.155403	
0.14958	
0.136441	
0.174941	
0.142844	
0.172245	
0.160612	
0.182484	
0.174269	
0.176724	
0.132105	
0.131152	
0.0890328	
0.131517	
0.0881008	
0.152645	
0.118149	
0.105261	
0.151107	
0.160052	
0.141603	
0.126521	
0.115029	
0.100134	
0.0973677	
0.136988	
0.128498	
0.135246	
0.124725	
0.103003	
0.0792813	
0.0997421	
0.0759199	
0.055965	
0.0604659	
0.0411597	
0.0735017	
0.0476143	
0.0553665	
0.0558181	
0.0613487	
0.0559759	
0.122062	
0.0226656	
0.0212619	
0.0229171	
0.00946513	
error pixel ave
0.0611011	
0.0611178	
0.0609672	
0.0608336	
0.0607034	
0.0604484	
0.0602839	
0.0599757	
0.0598244	
0.0596081	
0.0595342	
0.0596125	
0.0596925	
0.0598308	
0.0600129	
0.0602065	
0.0602205	
0.0605524	
0.0606648	
0.0608007	
0.0609611	
0.0611041	
0.0612221	
0.061326	
0.0615486	
0.0618279	
0.0623615	
0.0629086	
0.0634391	
0.0636497	
0.0638759	
0.0641138	
0.0645121	
0.0647439	
0.0651326	
0.0656186	
0.0658576	
0.0663316	
0.0667773	
0.0673321	
0.0679532	
0.0681987	
0.0686818	
0.0690433	
0.0693523	
0.0692525	
0.0693957	
0.0700442	
0.070843	
0.0710232	
0.0704646	
0.0688666	
0.0679896	
0.0665782	
0.0653802	
0.0641396	
0.0628088	
0.0615226	
0.0607932	
0.0599568	
0.0592089	
0.0586421	
0.0579677	
0.0575296	
0.0569323	
0.0562203	
0.0555819	
0.0548447	
0.054181	
0.0534612	
0.0527556	
0.052299	
0.0516875	
0.0514424	
0.0507423	
0.0498934	
0.0493083	
0.0484988	
0.0480663	
0.0480732	
0.0474043	
0.046843	
0.0465899	
0.045298	
0.0441893	
0.0430997	
0.0427121	
0.0419779	
0.0414569	
0.0418169	
0.041374	
0.0411227	
0.0399583	
0.0389842	
0.0382638	
0.0368502	
0.0361867	
0.0363957	
0.035199	
0.0338431	
0.0345357	
0.0342823	
0.0327252	
0.0333851	
0.0321369	
0.0322796	
0.0313276	
0.0310351	
0.0309865	
0.0294711	
0.0280601	
0.0282998	
0.0276803	
0.025569	
0.0252634	
0.0247002	
0.0244856	
0.0245591	
0.0234638	
0.0230717	
0.0231239	
0.0210042	
0.0207084	
0.0207184	
0.0199888	
0.0188558	
0.0190613	
0.018871	
0.0185783	
0.0181802	
0.0183276	
0.01691	
0.0169123	
0.0170149	
0.0157597	
0.0149117	
