camera velocity
0.000689923	-0.000467592	-0.000447021	-0.00170556	-0.00188146	0.00184754	
0.000696187	-0.000463683	-0.000499475	-0.00169654	-0.00189366	0.00186725	
0.00068779	-0.000423598	-0.000551851	-0.00158124	-0.00188053	0.00183463	
0.000659851	-0.000400361	-0.000497994	-0.00149806	-0.00179734	0.00165977	
0.000629456	-0.000362812	-0.000559474	-0.00137958	-0.00169159	0.00154975	
0.000572822	-0.000326064	-0.000425345	-0.00125588	-0.00152872	0.00129152	
0.000529879	-0.000293801	-0.000474264	-0.00115089	-0.00138173	0.00125481	
0.000498656	-0.000272127	-0.000415357	-0.00107637	-0.00128439	0.00110262	
0.000460095	-0.00024962	-0.000306745	-0.00100698	-0.0011732	0.00111971	
0.00042872	-0.000227969	-0.000311247	-0.000937216	-0.00107512	0.00108396	
0.000402311	-0.000227884	-0.000216665	-0.000927025	-0.00098834	0.00104215	
0.00038142	-0.000219386	-0.000211011	-0.000893769	-0.000920957	0.00101184	
0.000357009	-0.000207951	-0.000157846	-0.00085129	-0.000853668	0.00101761	
0.000339799	-0.000199902	-6.56281e-05	-0.000829148	-0.000803126	0.000992122	
0.000323973	-0.000191311	-2.80304e-05	-0.000803789	-0.000756325	0.00102902	
0.00031159	-0.000185182	-6.24564e-05	-0.000786394	-0.000713102	0.00117848	
0.000288156	-0.000180966	3.16586e-07	-0.000776878	-0.00065175	0.00126239	
0.000258689	-0.000169458	4.83617e-05	-0.000751887	-0.000575087	0.00144814	
0.000238661	-0.000160154	7.9686e-05	-0.000727178	-0.000522958	0.00153971	
0.00021164	-0.00014936	0.000173495	-0.000692315	-0.000447922	0.00150166	
0.000189836	-0.000141682	0.000189259	-0.000669536	-0.000384806	0.00157296	
0.000176685	-0.000131404	0.000244861	-0.000648236	-0.000354024	0.00168085	
0.000156472	-0.000124429	0.000259974	-0.000634339	-0.000294512	0.00183285	
0.000121574	-0.000114797	0.000344508	-0.000612823	-0.000213629	0.00193329	
9.494e-05	-0.000108186	0.000383247	-0.000607129	-0.00014776	0.00208642	
6.87235e-05	-0.000105216	0.000381209	-0.00062003	-8.84829e-05	0.0024361	
1.9846e-05	-9.30087e-05	0.000454696	-0.000604222	3.13744e-05	0.00278306	
-1.11399e-05	-8.1029e-05	0.000482495	-0.000581323	0.000102056	0.00296599	
-5.69759e-05	-7.04674e-05	0.000594271	-0.000576036	0.000212433	0.00330811	
-8.80789e-05	-5.93378e-05	0.000546623	-0.000567212	0.000279702	0.00370831	
-0.000130956	-5.47252e-05	0.00061087	-0.000575529	0.000378357	0.00392559	
-0.000168313	-4.77999e-05	0.000575958	-0.000571606	0.0004696	0.00426099	
-0.000202945	-3.8008e-05	0.000652635	-0.000563723	0.000546167	0.00447708	
-0.000237017	-3.07777e-05	0.000717117	-0.000563391	0.000616881	0.00467725	
-0.000240661	-1.19474e-05	0.000778155	-0.000517725	0.000604692	0.00475974	
-0.000246805	-1.83301e-06	0.000782581	-0.000496008	0.000609482	0.00490624	
-0.000244708	3.78712e-06	0.000729007	-0.000481115	0.000603186	0.00494469	
-0.00023432	1.14214e-05	0.000882494	-0.000459994	0.000555567	0.00474464	
-0.000211613	2.78953e-05	0.000802191	-0.000404337	0.000491741	0.00456847	
-0.000176974	3.93772e-05	0.000775402	-0.000360806	0.000389826	0.00433028	
-0.00013999	4.19403e-05	0.000873484	-0.000346207	0.000295392	0.00416702	
-0.000123025	5.13965e-05	0.000780811	-0.000309092	0.000236482	0.00386146	
-0.000111592	5.67037e-05	0.0007304	-0.000284945	0.000201198	0.0036128	
-0.000100534	5.92248e-05	0.000737457	-0.000270682	0.000171893	0.00348145	
-8.1076e-05	6.46193e-05	0.000671846	-0.000248626	0.000114353	0.00323359	
-3.10832e-05	6.41038e-05	0.000715444	-0.00024244	-1.82656e-05	0.00302828	
-3.56086e-05	6.77683e-05	0.000623845	-0.000220642	-1.73348e-05	0.00283234	
-2.39708e-05	7.89962e-05	0.000688577	-0.000181766	-5.79827e-05	0.00261689	
-2.03649e-05	8.48361e-05	0.000592307	-0.000163305	-6.24304e-05	0.00260045	
6.89367e-06	8.69426e-05	0.000647918	-0.000150156	-0.000137729	0.0024914	
2.12884e-05	8.97601e-05	0.000699112	-0.000140263	-0.000176843	0.00240579	
2.67969e-05	9.69406e-05	0.000722885	-0.000117127	-0.000199724	0.00220882	
4.36283e-05	9.58557e-05	0.000786332	-0.000119658	-0.000242038	0.00218517	
4.06032e-05	0.000106468	0.000654997	-8.24108e-05	-0.000231117	0.00209923	
6.39135e-05	0.000100176	0.000749177	-0.000105471	-0.000288966	0.00220544	
6.89429e-05	0.000109287	0.000738422	-8.08576e-05	-0.000303073	0.00218999	
9.05074e-05	0.000107697	0.000766439	-8.12333e-05	-0.000365008	0.00214538	
8.96129e-05	0.000109719	0.00075932	-7.59251e-05	-0.000361128	0.00206381	
0.00010473	0.000106112	0.000720394	-8.33816e-05	-0.000393598	0.00200832	
0.000111642	0.000111277	0.000776643	-7.35786e-05	-0.000420295	0.00205999	
0.00011973	0.000110939	0.000712275	-7.632e-05	-0.000436697	0.00200281	
0.000111254	0.000120809	0.000628303	-4.03962e-05	-0.000412654	0.00187195	
0.000132747	0.000115197	0.000759371	-6.3439e-05	-0.000480882	0.00192522	
0.000142412	0.000117319	0.000722002	-5.69447e-05	-0.000496752	0.00198648	
0.000146048	0.000131926	0.00070606	-1.22967e-05	-0.000507254	0.00192101	
0.00017041	0.000131206	0.000829129	-2.11176e-05	-0.000577499	0.00197147	
0.000182911	0.000135429	0.000766208	-1.13795e-05	-0.000599709	0.00203178	
0.000210543	0.00014423	0.000871998	5.77775e-06	-0.000675862	0.00217891	
0.000213926	0.000142555	0.000815728	2.66402e-06	-0.000687742	0.00208188	
0.000215488	0.00014385	0.000797592	8.46459e-06	-0.000694517	0.00205795	
0.000221383	0.000148526	0.000784288	1.99938e-05	-0.00070976	0.00208909	
0.000237226	0.000144947	0.000819489	4.87074e-06	-0.000749732	0.00205272	
0.000243255	0.000142503	0.000856031	-6.05901e-06	-0.000764688	0.00213848	
0.000257619	0.000140064	0.000815226	-1.34911e-05	-0.00080504	0.00211356	
0.000260764	0.000148037	0.000831678	9.68227e-06	-0.000812617	0.00217655	
0.000282185	0.000155796	0.000909436	2.18956e-05	-0.000880337	0.00225884	
0.000293286	0.00015151	0.000929626	7.05456e-06	-0.000911953	0.00230829	
0.000308571	0.000162621	0.000931638	4.86972e-05	-0.000947964	0.00221563	
0.000305484	0.000164121	0.000919374	5.24288e-05	-0.000943594	0.00221185	
0.00032778	0.000172101	0.000974971	7.2803e-05	-0.00100552	0.00221711	
0.000314355	0.000183015	0.000868675	0.00010649	-0.000969382	0.00212804	
0.000338905	0.000177565	0.000983625	8.56041e-05	-0.00103796	0.00209531	
0.000348846	0.000173948	0.000989977	7.18236e-05	-0.00106772	0.00209483	
0.000347964	0.000173144	0.00087727	7.88453e-05	-0.00105647	0.00202641	
0.000377799	0.000172931	0.00101345	7.65807e-05	-0.00114639	0.00201497	
0.000391525	0.000178358	0.000983217	9.77607e-05	-0.00117812	0.00195783	
0.000400516	0.000185902	0.000962449	0.000126665	-0.0012006	0.00193663	
0.000422017	0.00017812	0.000974303	0.000113223	-0.00125334	0.00182402	
0.000432102	0.000198371	0.000977157	0.000185344	-0.00128201	0.0016802	
0.000432654	0.000193495	0.000981448	0.000170946	-0.00128531	0.0016007	
0.000441688	0.000187658	0.000968264	0.00015733	-0.00131439	0.00149873	
0.000452913	0.000170834	0.000953831	0.000109398	-0.00133813	0.00149142	
0.000471297	0.000161545	0.00099934	8.42765e-05	-0.0013916	0.00142876	
0.000500752	0.000147232	0.00104782	4.85525e-05	-0.00146988	0.00134783	
0.000519205	0.000144256	0.00107536	4.67134e-05	-0.00152406	0.00128771	
0.000550364	0.00012357	0.00111176	4.90012e-06	-0.00160074	0.00116348	
0.000577141	0.000140163	0.00118092	6.81856e-05	-0.00168218	0.00103511	
0.000595798	0.000125463	0.0012442	2.91081e-05	-0.00173559	0.000939532	
0.000631927	0.000109116	0.00125389	4.89099e-06	-0.00182346	0.000806886	
0.000669271	6.91484e-05	0.00137293	-0.000106415	-0.00192309	0.000751765	
0.000669977	4.45398e-05	0.00137454	-0.000169262	-0.00191858	0.000606128	
0.000746557	1.19414e-05	0.00151614	-0.000251014	-0.00212275	0.000534715	
0.000773034	-1.33813e-05	0.00162661	-0.000309791	-0.00219356	0.000402389	
0.000811747	-3.7994e-05	0.00180543	-0.000345689	-0.00229458	0.000234013	
0.000827081	-7.20779e-05	0.00195423	-0.000415896	-0.00232788	1.68364e-05	
0.000846903	-0.000123567	0.00206003	-0.00056021	-0.00236554	-6.09784e-05	
0.000862639	-0.000165135	0.00207181	-0.000680952	-0.00240397	-0.000146616	
0.000858562	-0.000206351	0.0020642	-0.000790768	-0.00237849	-0.000246948	
0.0008637	-0.000253057	0.00229764	-0.000910115	-0.00238666	-0.000394869	
0.000866056	-0.000267483	0.00243811	-0.000918614	-0.00237886	-0.000509603	
0.000863098	-0.00030864	0.00246441	-0.00103212	-0.00237002	-0.000541625	
0.000820589	-0.000366189	0.00268201	-0.00119956	-0.00225144	-0.000727599	
0.000806149	-0.000370823	0.00273884	-0.00118624	-0.00220731	-0.000766452	
0.000784218	-0.000362219	0.00270221	-0.00114506	-0.00215003	-0.000785493	
0.000760936	-0.000394563	0.00272509	-0.00124227	-0.00209354	-0.000814511	
0.00067981	-0.000416729	0.00269563	-0.00131185	-0.00186059	-0.000847749	
0.000610728	-0.000404346	0.00272011	-0.00126205	-0.00167892	-0.0008246	
0.000566149	-0.000389994	0.00260215	-0.00121277	-0.00156294	-0.000800884	
0.000501512	-0.000414775	0.00252995	-0.00130383	-0.00139937	-0.000809007	
0.000418147	-0.000408655	0.00251375	-0.00128108	-0.00117055	-0.00076385	
0.000364547	-0.000399347	0.00238865	-0.00124452	-0.00102455	-0.000762859	
0.000351403	-0.000425992	0.00226202	-0.00134016	-0.00100261	-0.000776212	
0.000362365	-0.000408985	0.00216872	-0.00129443	-0.00105072	-0.000758885	
0.000275717	-0.000389212	0.00216447	-0.00122947	-0.00082279	-0.000782925	
0.000247883	-0.000380564	0.00205507	-0.0012093	-0.000753013	-0.000760714	
0.000227169	-0.000372851	0.00186538	-0.00119007	-0.000691234	-0.000670191	
0.000137495	-0.000391274	0.00180556	-0.0012601	-0.000453436	-0.000695725	
9.92362e-05	-0.00036323	0.0017516	-0.0011722	-0.000356017	-0.000638285	
3.36478e-05	-0.000317946	0.00164667	-0.00103212	-0.000171786	-0.000641136	
-2.46516e-05	-0.000351405	0.00159072	-0.00113659	-1.62724e-05	-0.000634871	
-6.89646e-05	-0.000371809	0.00152336	-0.00121199	0.00010308	-0.000621607	
-0.00013045	-0.000363042	0.00145566	-0.00118995	0.000272762	-0.000617709	
-0.000164842	-0.000372969	0.00142271	-0.00120108	0.000372723	-0.000565998	
-0.000185713	-0.000362099	0.00142807	-0.00115789	0.000420985	-0.000583993	
-0.000259538	-0.000366022	0.00133514	-0.0011547	0.000628648	-0.000562372	
-0.000318342	-0.000376345	0.00127965	-0.00119775	0.000799958	-0.000517691	
-0.000353911	-0.000430524	0.00124828	-0.00137238	0.000913977	-0.000552107	
-0.000402585	-0.000421321	0.00115369	-0.00136145	0.00107977	-0.000522428	
-0.000442726	-0.00044981	0.00113047	-0.00143654	0.00120807	-0.000526804	
-0.000519812	-0.000434848	0.00106388	-0.0013889	0.00143139	-0.000535128	
-0.000524279	-0.000514923	0.00102111	-0.00158203	0.00146362	-0.000521069	
-0.000600889	-0.000654472	0.00107191	-0.0019601	0.00168084	-0.000498412	
-0.000624917	-0.000867726	0.00104888	-0.00255629	0.00175943	-0.000519778	
-0.000653148	-0.000920372	0.0010308	-0.00270985	0.00185244	-0.000499483	
-0.000639534	-0.000991714	0.000972759	-0.0029343	0.00183083	-0.000501166	
-0.000692943	-0.00110834	0.000914773	-0.00328266	0.0019964	-0.000547572	
-0.000686195	-0.00131766	0.00090838	-0.00390446	0.00199076	-0.000545666	
-0.000702392	-0.00135063	0.000894621	-0.00401931	0.00206173	-0.000528963	
-0.000670913	-0.00129713	0.000854264	-0.00393075	0.00198349	-0.000498451	
-0.000719257	-0.0014517	0.000801485	-0.00440132	0.0021363	-0.000495459	
-0.000722728	-0.00148148	0.000732006	-0.00452891	0.00215311	-0.000510104	
-0.000649781	-0.00134268	0.000762205	-0.00415784	0.00193821	-0.000456433	
-0.00066708	-0.00149811	0.000684878	-0.00464211	0.00202894	-0.000453991	
-0.000714437	-0.00164267	0.000646873	-0.00508561	0.00217936	-0.000464473	
-0.000720072	-0.00180169	0.000642464	-0.00558765	0.0022206	-0.000390685	
-0.000704236	-0.001794	0.000638486	-0.00560447	0.00219051	-0.000371506	
-0.000697676	-0.00191785	0.000582079	-0.00599578	0.00217735	-0.000449401	
-0.000683614	-0.00196303	0.000594313	-0.00615851	0.00215978	-0.000459028	
-0.000724917	-0.00219683	0.000558537	-0.00687673	0.00230803	-0.000455786	
-0.000710392	-0.00212528	0.000481285	-0.00669593	0.00228363	-0.000425748	
-0.000679228	-0.00186157	0.00042053	-0.00596611	0.00220774	-0.00025733	
-0.000668713	-0.00202976	0.000414074	-0.00649906	0.00219142	-0.000337337	
-0.000647808	-0.00220454	0.000505439	-0.00705723	0.00213782	-0.000356364	
-0.000620904	-0.00201644	0.000489499	-0.00653345	0.00205789	-0.000285631	
-0.000564765	-0.00182448	0.00037457	-0.0060112	0.0019085	-0.000143564	
-0.000561476	-0.00161068	0.000271537	-0.0053815	0.00190566	1.81841e-05	
-0.000524614	-0.00153779	0.000300681	-0.00519625	0.00180406	8.04105e-05	
-0.000501303	-0.00130736	0.000258831	-0.00454839	0.00173121	0.00025608	
-0.000473173	-0.00133352	0.000221075	-0.00463656	0.00166299	0.000219142	
-0.000426743	-0.00117244	0.000131949	-0.00413958	0.00151772	0.000225295	
-0.000427604	-0.000885007	0.000110266	-0.00327331	0.00149704	0.000334961	
-0.000416144	-0.000765984	9.92234e-05	-0.0029419	0.00145932	0.000388291	
-0.000414003	-0.000897517	0.000135522	-0.00334186	0.00145044	0.000323894	
-0.000383807	-0.000725804	6.49079e-05	-0.00280915	0.00135634	0.000314566	
-0.000337778	-0.000557017	1.10557e-05	-0.00226642	0.00121455	0.000318342	
-0.000323752	-0.000550249	5.15331e-05	-0.00222777	0.00117169	0.000246947	
-0.00033772	-0.000443853	4.70102e-05	-0.00189399	0.0012107	0.00032699	
-0.000333355	-0.000472163	1.29768e-05	-0.00195186	0.00119184	0.000246737	
-0.000308296	-0.000421582	4.52337e-05	-0.00178432	0.00111336	0.000201092	
-0.000313995	-0.000460944	5.24599e-05	-0.00190777	0.00113435	0.00018222	
-0.00028186	-0.000359238	1.59994e-05	-0.00157441	0.00103569	0.000187467	
-0.00026715	-0.000357293	8.94304e-06	-0.00156425	0.000993235	0.000136743	
-0.000249354	-0.000225203	4.71411e-08	-0.00112829	0.000923551	0.000153038	
-0.000267448	-0.000218314	-2.46292e-05	-0.00108747	0.000969169	0.000143666	
-0.000260566	-8.4735e-05	-6.4844e-05	-0.000658293	0.000951468	0.000193285	
-0.000222645	-0.000109236	-7.52882e-05	-0.000696719	0.00082292	0.000139174	
-0.00024737	-8.95902e-05	-8.04976e-05	-0.000616663	0.000884354	0.000132348	
-0.000224812	-3.88258e-05	-0.000127022	-0.000443766	0.000809316	0.000154188	
-0.000248458	-4.71453e-05	-9.89301e-05	-0.000456684	0.000868136	0.00013456	
-0.000225479	-1.58615e-05	-0.000112938	-0.000356865	0.000808065	0.000162266	
-0.000248092	4.26297e-05	-9.57805e-05	-0.000150855	0.000860718	0.000192543	
-0.000202547	2.29099e-06	-0.000114585	-0.000250854	0.000722563	0.00013515	
-0.000199399	1.24082e-05	-9.96114e-05	-0.000204031	0.000724285	0.000127981	
-0.000217861	3.24352e-05	-0.000107767	-0.000123285	0.000764742	0.000126356	
-0.000214603	0.000103504	-0.000109239	9.49603e-05	0.000762205	0.000184412	
-0.000196799	0.00011321	-7.05226e-05	0.00013523	0.000699101	0.000176608	
-0.000227288	0.000176349	-9.37436e-05	0.000357255	0.000778791	0.000177055	
-0.000204634	0.000206465	-0.000113042	0.0004639	0.000700781	0.000196088	
-0.000187277	0.000111765	-0.000102225	0.00018625	0.000655348	0.000150358	
-0.000186171	0.000170849	-0.000104596	0.000389839	0.000652966	0.000184914	
-0.000255827	0.000261319	-0.000156129	0.000674344	0.000850559	0.000275878	
-0.000203079	0.000231726	-0.000138956	0.000603428	0.000708339	0.000242914	
-0.000229031	0.000247735	-0.000157218	0.000694693	0.000774984	0.000261682	
-0.000240059	0.000159528	-0.000112394	0.000426589	0.00080538	0.000225677	
-0.000208271	0.000189932	-0.000107149	0.000543294	0.000699559	0.000185861	
-0.000208949	0.000258149	-0.000105083	0.000746173	0.000688879	0.000205499	
-0.000232146	0.000195888	-0.000104652	0.000583656	0.000739807	0.000141319	
-0.000218487	0.000181168	-6.77191e-05	0.00054837	0.000706615	0.000111712	
-0.000254008	0.00025845	-0.000137589	0.000801277	0.000812546	0.000165842	
-0.000246256	0.000308504	-0.000128225	0.000958879	0.000781316	0.000190345	
-0.000239444	0.00032585	-0.000152202	0.00102138	0.000767297	0.000207179	
-0.000246934	0.000270661	-0.000114307	0.000872803	0.000785067	0.000178147	
-0.000232988	0.000205698	-7.28521e-05	0.000669302	0.000753929	0.000189043	
-0.000262912	0.000291379	-7.82042e-05	0.000934402	0.000837826	0.000199908	
-0.000264529	0.00021763	-7.54203e-05	0.000719353	0.000847162	0.000189812	
-0.000230844	0.000183062	-5.00632e-05	0.000621913	0.000749221	0.000154745	
-0.00024797	0.000242191	-5.59953e-05	0.000809142	0.000794398	0.000174517	
-0.000242021	0.000257149	-5.65751e-05	0.000857478	0.000773588	0.000169626	
-0.000228671	0.000210188	-3.42379e-05	0.000713837	0.000735229	0.000147259	
-0.000208049	0.00024149	-4.43593e-05	0.000803249	0.000669885	0.000129628	
-0.000219243	0.000195357	-3.34004e-05	0.000659163	0.000704133	0.000151683	
-0.00024003	0.000173598	-1.71239e-05	0.000593861	0.000754369	0.000131235	
-0.00022567	0.000144338	-1.92472e-05	0.000504651	0.000722142	8.06963e-05	
-0.000221221	0.00018089	2.82233e-06	0.000623245	0.00069109	0.000107899	
-0.000190382	0.00012038	2.57841e-05	0.000433981	0.000601562	6.85822e-05	
-0.000223735	0.000150978	7.95111e-06	0.000523198	0.00070175	0.000105134	
-0.000196071	0.000187099	1.02276e-05	0.000640559	0.000612153	9.41391e-05	
-0.000197347	0.000166201	9.24468e-06	0.000577648	0.000628312	9.72414e-05	
-0.000213652	0.000115724	5.80486e-06	0.000421406	0.000675997	8.73841e-05	
-0.000225967	0.000219963	-4.08016e-05	0.000735793	0.000721418	0.000165253	
-0.000203546	0.000226752	-2.70434e-05	0.000754789	0.000654163	0.000146277	
-0.000204292	0.000142125	-1.07078e-05	0.000516873	0.000653276	0.000120394	
-0.000213257	0.000194313	-4.18508e-05	0.000679902	0.000678648	0.000142874	
-0.00020865	0.000180062	-1.00075e-05	0.000638507	0.000670072	0.000129337	
-0.000212634	0.000195657	-1.16897e-07	0.000679095	0.000683479	0.000172302	
-0.000196523	0.000162866	2.31283e-05	0.000582882	0.000631542	0.000160197	
-0.000191178	0.000213516	-2.28526e-05	0.000731905	0.000627421	0.00014137	
-0.00018019	0.000172324	-9.96318e-07	0.000601286	0.000595863	0.000155023	
-0.000190003	0.00026543	-3.57529e-05	0.000887054	0.000611354	0.000203478	
-0.000197027	0.000164738	1.32008e-05	0.00058492	0.000645348	0.000144945	
-0.000195662	0.000154582	-2.04098e-06	0.000570195	0.000625401	0.000161389	
-0.000201313	0.000130559	8.68512e-06	0.000493999	0.000636459	0.000134778	
-0.000179114	0.000108448	1.98377e-05	0.000432133	0.000566964	0.000100638	
-0.000189991	0.000160723	-6.28818e-06	0.000585885	0.000594469	0.00013353	
-0.000200489	0.000169405	-9.8131e-06	0.000612278	0.000634937	0.000161432	
-0.000178028	0.000167056	-1.96146e-05	0.000603746	0.000567906	0.000134956	
-0.000186116	0.000177787	-1.74374e-05	0.00063868	0.00060655	0.000172861	
-0.000185142	0.000137123	8.54417e-06	0.000509813	0.000590077	0.000105581	
-0.000186983	0.000119236	-1.23391e-05	0.000448318	0.000602991	0.000130386	
-0.000188164	0.000130113	7.08779e-06	0.000487638	0.000605141	0.000123897	
-0.000196207	0.000160954	-2.39727e-05	0.000582556	0.000622432	0.000155063	
-0.000190984	0.000133186	-1.26337e-05	0.000503894	0.00061785	0.000137584	
-0.00019708	0.000118837	-2.41313e-05	0.000461609	0.000630576	0.000146187	
-0.000195358	0.000109606	-2.19023e-05	0.000419966	0.000617998	0.000126655	
-0.000177037	9.43597e-05	1.74172e-05	0.000371171	0.000573663	0.000126741	
-0.000177923	0.000138659	-2.1628e-05	0.00050534	0.000571318	0.000165927	
-0.000185077	0.000114812	-5.88003e-06	0.000432711	0.000577452	0.000156964	
-0.000184054	0.000119367	-1.39571e-06	0.000434719	0.000586375	0.000153221	
-0.000177164	0.000113151	6.75544e-06	0.00041253	0.000576238	0.000149876	
-0.000194602	0.000115829	-2.45927e-06	0.000419278	0.00061499	0.000151871	
-0.00018068	0.000121851	1.60699e-05	0.000417732	0.000572419	0.000144119	
-0.00018886	0.000144452	-1.89631e-05	0.000500977	0.000585822	0.000168649	
-0.000180581	0.000178677	-2.06298e-05	0.000597261	0.000566037	0.000180393	
-0.000172283	9.97699e-05	5.98328e-06	0.000358081	0.000536232	0.000136806	
-0.000160034	0.000133871	1.88995e-05	0.00046202	0.000498238	0.00011396	
-0.000158704	0.000123032	1.471e-05	0.00043721	0.000487173	0.000120895	
-0.000163934	9.09258e-05	3.48239e-05	0.000338441	0.000508558	0.000109587	
-0.000166371	8.13287e-05	4.60939e-05	0.000313735	0.000518379	6.6478e-05	
-0.000173148	9.8673e-05	1.13673e-05	0.000365238	0.000533011	0.000106736	
-0.000168186	6.71621e-05	1.22104e-05	0.000274389	0.000524772	0.000101391	
-0.00017007	0.000129154	-1.36022e-05	0.000458177	0.000540899	0.000132716	
-0.000160506	0.000110681	6.46175e-06	0.000400459	0.000523739	0.000113548	
-0.000165483	0.000129393	-4.24079e-06	0.000447082	0.000529623	0.000130028	
-0.00015472	0.000169157	-1.38069e-05	0.000576701	0.000497832	0.000164823	
-0.000161852	0.000113052	-6.06733e-08	0.000394225	0.000516027	0.000120051	
-0.000159499	0.000127026	-1.84337e-05	0.000439454	0.000499922	0.000116226	
-0.000148439	0.000108069	3.18203e-05	0.000382979	0.000470508	0.000101644	
-0.000151867	9.1372e-05	2.01116e-05	0.000338054	0.000484796	0.00010062	
-0.000154494	0.000117043	6.15283e-06	0.000421558	0.000495298	0.000137035	
-0.000154618	0.000119628	1.34484e-05	0.000428027	0.000488241	0.000108389	
-0.000152614	0.000109781	5.60017e-07	0.000398049	0.000484084	0.000114187	
-0.000146874	8.52753e-05	1.21097e-05	0.000330278	0.000471169	9.92526e-05	
-0.000151163	0.000127273	-1.2163e-05	0.000451501	0.000485931	0.0001465	
-0.00015189	0.000124024	-1.21815e-05	0.000447485	0.000477672	0.000131329	
-0.000141614	8.80671e-05	2.84381e-05	0.000340689	0.000457406	7.24018e-05	
-0.000142322	8.74373e-05	4.59073e-05	0.000329211	0.000451802	8.96684e-05	
-0.000129985	6.95078e-05	5.44308e-05	0.000274805	0.000427211	5.74005e-05	
-0.000139474	5.09979e-06	3.22516e-05	7.89208e-05	0.000447559	3.49189e-05	
-0.000137053	6.40863e-05	4.53224e-05	0.000257314	0.000437107	6.6003e-05	
-0.000139029	-3.33026e-05	4.24957e-05	-3.8155e-05	0.000452524	1.90402e-06	
-0.000145122	-1.77131e-05	3.17461e-05	2.19091e-07	0.000460282	2.70709e-05	
-0.000131375	-1.31202e-05	4.41905e-05	2.63361e-05	0.000422398	1.08619e-05	
-0.000142839	-4.5609e-06	1.79633e-05	3.94058e-05	0.000466221	4.85198e-05	
-0.000124163	-1.69966e-06	2.80697e-05	5.2589e-05	0.000411831	1.62122e-05	
-0.000120221	-1.27935e-05	3.8137e-05	1.68841e-05	0.000403499	2.02533e-05	
-0.000122131	-1.15509e-05	4.31584e-05	1.25193e-05	0.000415314	2.30657e-05	
-0.000117226	2.09365e-05	2.51185e-05	0.000120941	0.000385099	4.53919e-05	
-0.000113047	4.91e-05	3.47827e-05	0.000187172	0.000364288	5.93967e-05	
-0.000104914	2.55139e-05	3.38224e-05	0.000119495	0.000346761	4.26664e-05	
-0.000105063	2.54931e-05	5.83012e-05	8.63806e-05	0.000355888	3.25366e-05	
-9.33124e-05	3.67691e-05	5.72336e-05	0.000104473	0.000322848	-4.58119e-06	
-8.46143e-05	9.46591e-05	3.3636e-05	0.000301166	0.000286444	1.89333e-05	
-8.85581e-05	7.42836e-05	2.84446e-05	0.000248183	0.000292186	3.37321e-05	
-8.60673e-05	8.69267e-05	1.15945e-05	0.000298652	0.000276006	3.43049e-05	
-8.28007e-05	0.000109277	6.82591e-06	0.000368677	0.000273968	5.11651e-05	
-9.14651e-05	7.963e-05	1.13772e-05	0.000273375	0.000301719	3.62665e-05	
-7.10214e-05	7.59591e-05	2.29267e-05	0.000252758	0.000246319	2.11029e-05	
-8.27559e-05	4.55513e-05	2.11283e-05	0.000187396	0.000279802	2.30228e-05	
-8.13019e-05	4.81398e-05	6.93006e-06	0.000204144	0.000268892	2.36334e-05	
-6.96181e-05	8.29183e-05	8.46209e-06	0.000301689	0.000237916	3.08943e-05	
-6.07609e-05	9.30401e-05	1.05334e-05	0.000326844	0.000196243	3.01955e-05	
-5.74553e-05	9.44504e-05	2.20704e-05	0.000322638	0.00019096	1.21698e-05	
-6.25839e-05	8.6678e-05	1.26528e-05	0.000308681	0.00020532	3.22089e-05	
-5.46597e-05	9.89679e-05	2.32824e-05	0.000336586	0.000184993	2.40971e-05	
-5.36618e-05	7.81356e-05	2.64084e-05	0.000271995	0.000177564	4.20805e-06	
-5.70305e-05	0.000105957	1.79836e-05	0.000349141	0.000187882	2.30891e-05	
-6.2724e-05	9.10927e-05	1.63836e-05	0.000306369	0.000206688	2.94815e-05	
-4.77514e-05	9.37102e-05	1.63804e-05	0.000318265	0.000162859	2.08247e-05	
-4.68591e-05	9.20355e-05	1.11737e-05	0.000326626	0.000156028	1.44986e-05	
-4.67549e-05	4.39217e-05	2.35174e-05	0.000181269	0.000162255	3.57025e-07	
-3.31291e-05	8.70823e-05	9.184e-06	0.000298521	0.000104938	1.19598e-05	
-3.47973e-05	9.36432e-05	1.80465e-06	0.000313828	0.000117409	1.30349e-05	
-4.0027e-05	6.55023e-05	1.49657e-05	0.00023344	0.000146081	1.12994e-05	
-3.16611e-05	6.89676e-05	8.58173e-06	0.000244774	0.000111944	1.76587e-05	
-2.40614e-05	9.61331e-05	7.16002e-06	0.000305591	8.76104e-05	1.53382e-05	
-2.21726e-05	5.4441e-05	1.59479e-05	0.000183436	0.000106054	7.35623e-06	
-1.60897e-05	6.65581e-05	1.18343e-05	0.000221582	7.11414e-05	2.14102e-06	
-2.3546e-05	6.5319e-05	9.70424e-06	0.000218071	8.44106e-05	3.55343e-06	
-2.02796e-05	6.02791e-05	6.56499e-06	0.000209904	6.16524e-05	9.44187e-06	
-1.67471e-05	5.82438e-05	1.04706e-05	0.000200608	6.54033e-05	1.7005e-06	
-2.16938e-05	3.93164e-05	1.15482e-05	0.000150295	8.66542e-05	-4.0178e-06	
-1.64324e-05	4.79275e-05	1.01146e-05	0.00017361	6.59505e-05	6.15112e-06	
-2.42429e-05	2.82449e-05	1.0664e-05	0.000123293	0.000101139	5.98925e-06	
-1.59977e-05	3.82486e-05	9.81319e-06	0.000141275	5.57029e-05	1.15028e-05	
-1.29068e-05	3.6062e-05	4.85139e-06	0.000133255	3.31895e-05	-7.6699e-07	
-1.5766e-05	2.92649e-05	4.52399e-06	0.000127254	5.80373e-05	5.68117e-08	
-1.0761e-05	2.0153e-05	1.04223e-05	8.68174e-05	4.59406e-05	-6.01999e-06	
-7.57857e-06	1.65715e-05	9.1828e-06	7.10714e-05	3.30313e-05	1.29462e-05	
-1.48092e-05	1.2569e-05	2.88886e-06	8.0637e-05	4.39948e-05	-6.39959e-06	
-1.28506e-05	2.19932e-05	2.90332e-06	0.000104646	3.90925e-05	-6.85818e-06	
-2.24567e-06	9.1453e-06	1.08676e-05	4.19845e-05	1.04977e-05	1.55479e-06	
camera pose
0.1014	-0.967563	0.231389	0.368512	
-0.994351	-0.0912319	0.0542555	-0.0335867	
-0.0313855	-0.235583	-0.971347	0.640476	
0	0	0	1	
0.1014	-0.967565	0.231379	0.368511	
-0.994351	-0.0912336	0.0542525	-0.0335871	
-0.0313833	-0.235573	-0.97135	0.640473	
0	0	0	1	
0.0983674	-0.968639	0.228171	0.369401	
-0.994572	-0.0878761	0.0557181	-0.0353772	
-0.0339199	-0.232414	-0.972025	0.641199	
0	0	0	1	
0.0958523	-0.969674	0.224821	0.370295	
-0.994666	-0.0846624	0.0589184	-0.036893	
-0.0380977	-0.229269	-0.972617	0.642093	
0	0	0	1	
0.0934843	-0.970643	0.221616	0.371018	
-0.994723	-0.0816059	0.0621834	-0.0383202	
-0.0422727	-0.22626	-0.973149	0.642952	
0	0	0	1	
0.0914313	-0.971515	0.218628	0.371783	
-0.994736	-0.0789035	0.0653808	-0.0396906	
-0.046268	-0.223455	-0.973616	0.643769	
0	0	0	1	
0.0891807	-0.972308	0.216016	0.37239	
-0.994764	-0.0760821	0.0682285	-0.0411514	
-0.0499041	-0.22097	-0.974003	0.644817	
0	0	0	1	
0.0874758	-0.973034	0.213433	0.372986	
-0.994753	-0.0739135	0.0707318	-0.0424125	
-0.0530488	-0.2185	-0.974394	0.645453	
0	0	0	1	
0.0856727	-0.973677	0.211218	0.373529	
-0.994755	-0.0717041	0.0729423	-0.0436447	
-0.0558771	-0.216359	-0.974713	0.646305	
0	0	0	1	
0.0842466	-0.974244	0.209167	0.374011	
-0.994717	-0.0698689	0.0752135	-0.0447067	
-0.0586621	-0.214398	-0.974983	0.646974	
0	0	0	1	
0.0826779	-0.974791	0.207236	0.374506	
-0.994692	-0.0679368	0.0772782	-0.0457203	
-0.0612512	-0.212525	-0.975234	0.647478	
0	0	0	1	
0.0812223	-0.975255	0.205621	0.374949	
-0.994659	-0.0661287	0.0792529	-0.0466286	
-0.0636944	-0.21096	-0.975417	0.648069	
0	0	0	1	
0.0794582	-0.975817	0.203637	0.375391	
-0.994652	-0.064089	0.0809975	-0.0476225	
-0.0659878	-0.208984	-0.97569	0.648354	
0	0	0	1	
0.0780694	-0.976298	0.201862	0.375832	
-0.99463	-0.0624754	0.0825097	-0.0484624	
-0.0679426	-0.207219	-0.975932	0.648647	
0	0	0	1	
0.0768021	-0.976724	0.200277	0.376267	
-0.9946	-0.0609909	0.083964	-0.0491918	
-0.0697946	-0.205644	-0.976135	0.648891	
0	0	0	1	
0.0752873	-0.977177	0.198637	0.376676	
-0.994593	-0.0592993	0.0852525	-0.0499575	
-0.0715277	-0.203981	-0.976358	0.648937	
0	0	0	1	
0.073634	-0.977624	0.197052	0.377113	
-0.994592	-0.0574757	0.0865056	-0.0506964	
-0.0732442	-0.202356	-0.976569	0.648903	
0	0	0	1	
0.0718522	-0.97806	0.195541	0.377532	
-0.994594	-0.0555233	0.0877496	-0.0513831	
-0.0749672	-0.200789	-0.976762	0.64894	
0	0	0	1	
0.0697887	-0.978502	0.194073	0.377955	
-0.994619	-0.053321	0.0888249	-0.0520672	
-0.0765671	-0.199227	-0.976957	0.648907	
0	0	0	1	
0.0679737	-0.978924	0.192582	0.378407	
-0.994626	-0.0513823	0.0898788	-0.0526528	
-0.0780891	-0.197657	-0.977156	0.648745	
0	0	0	1	
0.0657917	-0.979341	0.191215	0.378788	
-0.994655	-0.049084	0.0908408	-0.0532022	
-0.0795785	-0.196169	-0.977336	0.648515	
0	0	0	1	
0.0632885	-0.979755	0.189934	0.37919	
-0.994722	-0.0465266	0.0914518	-0.053761	
-0.0807634	-0.19472	-0.977528	0.64817	
0	0	0	1	
0.0608043	-0.98014	0.188753	0.37958	
-0.994756	-0.0439227	0.09237	-0.054175	
-0.0822451	-0.193379	-0.977671	0.647771	
0	0	0	1	
0.0579661	-0.980566	0.18743	0.379984	
-0.994825	-0.0410422	0.092949	-0.0546745	
-0.0834501	-0.191848	-0.97787	0.647207	
0	0	0	1	
0.0548605	-0.980964	0.186278	0.380373	
-0.994899	-0.0378869	0.0934893	-0.0551048	
-0.0846521	-0.190457	-0.978039	0.646695	
0	0	0	1	
0.0514798	-0.981314	0.1854	0.380684	
-0.994985	-0.0344555	0.0939054	-0.0555084	
-0.0857626	-0.189304	-0.978166	0.646276	
0	0	0	1	
0.047644	-0.981767	0.184022	0.380958	
-0.995102	-0.0306766	0.0939743	-0.0558935	
-0.0866157	-0.187598	-0.97842	0.645569	
0	0	0	1	
0.0434997	-0.982191	0.182781	0.381303	
-0.995215	-0.0265787	0.0940258	-0.0561836	
-0.0874931	-0.185997	-0.978647	0.64483	
0	0	0	1	
0.0383315	-0.982687	0.181265	0.381686	
-0.995335	-0.0214753	0.0940568	-0.0565116	
-0.0885357	-0.184025	-0.978926	0.643779	
0	0	0	1	
0.0325473	-0.98307	0.180315	0.38205	
-0.995455	-0.0157286	0.0939301	-0.0568792	
-0.0895038	-0.182553	-0.979114	0.642891	
0	0	0	1	
0.0266709	-0.983439	0.179267	0.382388	
-0.995536	-0.00988908	0.0938634	-0.0570649	
-0.0905362	-0.18097	-0.979313	0.641799	
0	0	0	1	
0.0198573	-0.983798	0.178177	0.382737	
-0.995585	-0.00310449	0.0938134	-0.0571814	
-0.0917403	-0.179253	-0.979516	0.6407	
0	0	0	1	
0.0128826	-0.984124	0.177015	0.383145	
-0.995623	0.00376314	0.0933797	-0.0571915	
-0.0925633	-0.177443	-0.979768	0.639524	
0	0	0	1	
0.00493554	-0.984421	0.175757	0.383543	
-0.995623	0.0115666	0.0927434	-0.057234	
-0.0933315	-0.175446	-0.980055	0.638328	
0	0	0	1	
-0.00318115	-0.98471	0.174174	0.383977	
-0.995609	0.019414	0.0915751	-0.0573417	
-0.0935563	-0.173118	-0.980448	0.636893	
0	0	0	1	
-0.0116205	-0.984874	0.17288	0.384381	
-0.995504	0.0276482	0.0905934	-0.0573036	
-0.0940029	-0.17105	-0.980768	0.635476	
0	0	0	1	
-0.0205751	-0.984945	0.171639	0.384791	
-0.995305	0.0364183	0.0896736	-0.0572355	
-0.0945743	-0.168988	-0.98107	0.633896	
0	0	0	1	
-0.0293226	-0.984885	0.170712	0.38505	
-0.995073	0.0449438	0.0883728	-0.0572447	
-0.0947094	-0.16728	-0.98135	0.632449	
0	0	0	1	
-0.038519	-0.984699	0.169952	0.385347	
-0.994711	0.0539918	0.0873798	-0.0572106	
-0.0952189	-0.165687	-0.981571	0.631093	
0	0	0	1	
-0.0468466	-0.984466	0.169209	0.385624	
-0.994317	0.0621697	0.086423	-0.0571771	
-0.0956002	-0.164199	-0.981784	0.62957	
0	0	0	1	
-0.0549624	-0.984216	0.168219	0.385858	
-0.99384	0.0701616	0.0857833	-0.0571093	
-0.0962318	-0.162468	-0.98201	0.627964	
0	0	0	1	
-0.0631265	-0.983851	0.167487	0.38606	
-0.993323	0.0781772	0.084841	-0.0572343	
-0.0965646	-0.161013	-0.982217	0.626492	
0	0	0	1	
-0.0706132	-0.983419	0.167038	0.386257	
-0.992747	0.0856175	0.0843928	-0.0573262	
-0.0972947	-0.159867	-0.982332	0.62497	
0	0	0	1	
-0.0773411	-0.983018	0.166416	0.386411	
-0.992154	0.0923296	0.0842908	-0.0573597	
-0.0982244	-0.158591	-0.982446	0.623512	
0	0	0	1	
-0.0838264	-0.982582	0.165849	0.386526	
-0.991597	0.0987092	0.0836181	-0.0574835	
-0.0985324	-0.157446	-0.9826	0.622147	
0	0	0	1	
-0.0902904	-0.982068	0.165498	0.386652	
-0.990943	0.105175	0.083486	-0.0576148	
-0.0993952	-0.156461	-0.98267	0.620814	
0	0	0	1	
-0.0963199	-0.981613	0.164795	0.386738	
-0.990328	0.111122	0.0830783	-0.0577828	
-0.0998632	-0.155199	-0.982823	0.619431	
0	0	0	1	
-0.101941	-0.981135	0.164262	0.386835	
-0.989691	0.116725	0.0829943	-0.0579879	
-0.100602	-0.154108	-0.982919	0.618021	
0	0	0	1	
-0.106715	-0.980693	0.163871	0.386912	
-0.98912	0.121493	0.0829476	-0.0581104	
-0.101255	-0.153237	-0.982988	0.61688	
0	0	0	1	
-0.111435	-0.9802	0.163674	0.386914	
-0.988535	0.12622	0.08287	-0.0583379	
-0.101888	-0.152563	-0.983028	0.615661	
0	0	0	1	
-0.116223	-0.979703	0.163326	0.386931	
-0.98792	0.130999	0.0827842	-0.0585777	
-0.102499	-0.151731	-0.983093	0.614508	
0	0	0	1	
-0.120522	-0.979252	0.162913	0.386987	
-0.987344	0.135286	0.0827612	-0.0587929	
-0.103084	-0.150877	-0.983163	0.613228	
0	0	0	1	
-0.124431	-0.978774	0.162844	0.387009	
-0.986737	0.139307	0.0833289	-0.0588689	
-0.104245	-0.150315	-0.983127	0.612	
0	0	0	1	
-0.128031	-0.978344	0.162635	0.387032	
-0.986224	0.142909	0.0832964	-0.0590505	
-0.104735	-0.14973	-0.983164	0.610658	
0	0	0	1	
-0.131824	-0.977871	0.162454	0.387113	
-0.985565	0.146855	0.0842371	-0.0591213	
-0.10623	-0.149005	-0.983114	0.609108	
0	0	0	1	
-0.135147	-0.977448	0.162269	0.387104	
-0.985033	0.150225	0.0845085	-0.0592332	
-0.10698	-0.14842	-0.983121	0.607885	
0	0	0	1	
-0.138923	-0.97692	0.16226	0.387049	
-0.984391	0.154104	0.0850028	-0.0594923	
-0.108046	-0.147918	-0.98308	0.606547	
0	0	0	1	
-0.142622	-0.976395	0.162212	0.38707	
-0.983744	0.157903	0.0855198	-0.0597157	
-0.109115	-0.147378	-0.983043	0.605178	
0	0	0	1	
-0.146569	-0.975809	0.162217	0.387041	
-0.983029	0.161973	0.086133	-0.0600485	
-0.110324	-0.14684	-0.982989	0.60369	
0	0	0	1	
-0.150064	-0.975306	0.162045	0.387017	
-0.982356	0.165592	0.0869301	-0.0602599	
-0.111617	-0.146141	-0.982947	0.602122	
0	0	0	1	
-0.153833	-0.974722	0.162027	0.386998	
-0.981629	0.169489	0.0876236	-0.0606248	
-0.112871	-0.145571	-0.982888	0.600714	
0	0	0	1	
-0.157279	-0.97418	0.161979	0.386954	
-0.980947	0.173051	0.0882908	-0.0609164	
-0.114042	-0.145006	-0.982837	0.599246	
0	0	0	1	
-0.160656	-0.973619	0.162036	0.386925	
-0.980214	0.176617	0.0893691	-0.061178	
-0.11563	-0.144472	-0.98273	0.597912	
0	0	0	1	
-0.163812	-0.973105	0.161963	0.386842	
-0.979561	0.179882	0.090018	-0.0614438	
-0.116731	-0.143907	-0.982682	0.596626	
0	0	0	1	
-0.167234	-0.972527	0.161938	0.386777	
-0.978859	0.183401	0.0905523	-0.0618803	
-0.117764	-0.143371	-0.982638	0.595172	
0	0	0	1	
-0.170719	-0.971902	0.162054	0.38673	
-0.978007	0.187145	0.0920813	-0.0621184	
-0.119822	-0.14277	-0.982476	0.593694	
0	0	0	1	
-0.173985	-0.971269	0.162378	0.386617	
-0.97728	0.190571	0.0927686	-0.0624953	
-0.121048	-0.142549	-0.982358	0.592381	
0	0	0	1	
-0.177221	-0.970693	0.162318	0.386575	
-0.976492	0.193993	0.0939694	-0.0628281	
-0.122704	-0.141849	-0.982254	0.590733	
0	0	0	1	
-0.180793	-0.969975	0.162674	0.386426	
-0.975636	0.197775	0.0949681	-0.0632719	
-0.12429	-0.141541	-0.982099	0.589318	
0	0	0	1	
-0.184561	-0.96924	0.162823	0.386323	
-0.974704	0.201755	0.0961592	-0.063751	
-0.126052	-0.140957	-0.981958	0.587542	
0	0	0	1	
-0.187968	-0.968558	0.162985	0.386173	
-0.973844	0.205358	0.0972447	-0.0641939	
-0.127657	-0.140443	-0.981825	0.585924	
0	0	0	1	
-0.191573	-0.967789	0.16335	0.386056	
-0.972888	0.20922	0.0985731	-0.0646672	
-0.129574	-0.140038	-0.981631	0.584422	
0	0	0	1	
-0.195028	-0.967094	0.163379	0.385921	
-0.971975	0.212866	0.099762	-0.0651354	
-0.131257	-0.139344	-0.981506	0.582773	
0	0	0	1	
-0.198326	-0.96636	0.163754	0.385778	
-0.971052	0.21642	0.101099	-0.0655934	
-0.133137	-0.138963	-0.981307	0.581248	
0	0	0	1	
-0.201994	-0.965586	0.163837	0.385628	
-0.970066	0.220276	0.102224	-0.0661634	
-0.134795	-0.138285	-0.981177	0.579539	
0	0	0	1	
-0.205675	-0.964765	0.164094	0.385469	
-0.968985	0.224238	0.103849	-0.0667167	
-0.136986	-0.137646	-0.980963	0.577861	
0	0	0	1	
-0.209148	-0.963933	0.164588	0.385305	
-0.967949	0.228001	0.105309	-0.0671997	
-0.139037	-0.137288	-0.980725	0.576327	
0	0	0	1	
-0.212536	-0.963124	0.164988	0.385149	
-0.966902	0.23168	0.106883	-0.067703	
-0.141166	-0.136811	-0.980487	0.574616	
0	0	0	1	
-0.216252	-0.962212	0.16548	0.384997	
-0.965748	0.235708	0.108506	-0.0682636	
-0.143411	-0.136347	-0.980226	0.572833	
0	0	0	1	
-0.219897	-0.961346	0.165707	0.384818	
-0.964586	0.239636	0.110217	-0.0688369	
-0.145666	-0.135603	-0.979997	0.570888	
0	0	0	1	
-0.223492	-0.960411	0.16632	0.384611	
-0.963418	0.243558	0.111829	-0.0694208	
-0.147911	-0.135242	-0.97971	0.569185	
0	0	0	1	
-0.22713	-0.959478	0.166774	0.384401	
-0.962226	0.247497	0.113432	-0.0700244	
-0.150111	-0.13471	-0.979449	0.567291	
0	0	0	1	
-0.230631	-0.958541	0.167359	0.384147	
-0.96104	0.251322	0.11506	-0.0706379	
-0.152351	-0.134302	-0.979159	0.565543	
0	0	0	1	
-0.233919	-0.957651	0.167888	0.383914	
-0.959886	0.254932	0.116745	-0.0712073	
-0.154601	-0.133844	-0.978869	0.563672	
0	0	0	1	
-0.237192	-0.956773	0.168302	0.383696	
-0.958681	0.258543	0.118688	-0.0718018	
-0.157071	-0.133196	-0.978564	0.561567	
0	0	0	1	
-0.240666	-0.955779	0.169018	0.383419	
-0.957399	0.262395	0.120568	-0.0724529	
-0.159586	-0.132801	-0.978211	0.559865	
0	0	0	1	
-0.24366	-0.95493	0.169524	0.38323	
-0.956219	0.265749	0.122572	-0.0730657	
-0.162098	-0.132236	-0.977874	0.557855	
0	0	0	1	
-0.246678	-0.953979	0.170513	0.382977	
-0.954974	0.26922	0.124677	-0.0737003	
-0.164845	-0.13208	-0.977436	0.556001	
0	0	0	1	
-0.249643	-0.953095	0.171138	0.382716	
-0.953767	0.27256	0.126646	-0.0743367	
-0.167351	-0.131609	-0.977074	0.554077	
0	0	0	1	
-0.252942	-0.952076	0.171966	0.382429	
-0.952416	0.276284	0.128732	-0.0750759	
-0.170074	-0.131222	-0.976655	0.552141	
0	0	0	1	
-0.255715	-0.951181	0.172814	0.382106	
-0.951189	0.279491	0.130857	-0.0757563	
-0.172768	-0.130917	-0.976223	0.550149	
0	0	0	1	
-0.258335	-0.950315	0.17368	0.381799	
-0.950033	0.282519	0.132744	-0.0764472	
-0.175217	-0.13071	-0.975815	0.548245	
0	0	0	1	
-0.260448	-0.9496	0.174433	0.38151	
-0.948954	0.285068	0.134994	-0.0770957	
-0.177916	-0.13037	-0.975372	0.546221	
0	0	0	1	
-0.262899	-0.948751	0.175373	0.381247	
-0.947719	0.288011	0.137399	-0.0778255	
-0.180867	-0.130083	-0.974867	0.544359	
0	0	0	1	
-0.264823	-0.948072	0.176149	0.380973	
-0.946627	0.290406	0.139864	-0.0785044	
-0.183756	-0.129708	-0.974376	0.542343	
0	0	0	1	
-0.266653	-0.947437	0.176805	0.380796	
-0.945541	0.292695	0.142413	-0.0791842	
-0.186677	-0.129202	-0.973888	0.540229	
0	0	0	1	
-0.268571	-0.946725	0.177711	0.380536	
-0.944415	0.295111	0.144878	-0.0800125	
-0.189604	-0.128923	-0.97336	0.537985	
0	0	0	1	
-0.27002	-0.946138	0.178638	0.380386	
-0.943368	0.297099	0.147611	-0.0808372	
-0.192734	-0.128663	-0.972779	0.535769	
0	0	0	1	
-0.2713	-0.945633	0.179372	0.3802	
-0.942346	0.2989	0.150473	-0.0815955	
-0.195907	-0.128207	-0.972205	0.533361	
0	0	0	1	
-0.272439	-0.945101	0.180445	0.380003	
-0.941241	0.300689	0.153792	-0.0824108	
-0.199607	-0.127943	-0.971487	0.530781	
0	0	0	1	
-0.273258	-0.944667	0.181476	0.379854	
-0.940225	0.302153	0.157103	-0.0832812	
-0.203244	-0.127699	-0.970765	0.528237	
0	0	0	1	
-0.274002	-0.94433	0.182108	0.379832	
-0.939226	0.303472	0.160498	-0.0841641	
-0.206828	-0.127063	-0.970091	0.525429	
0	0	0	1	
-0.274435	-0.944059	0.182863	0.379826	
-0.938325	0.304495	0.163796	-0.0850665	
-0.210314	-0.126634	-0.969398	0.522735	
0	0	0	1	
-0.27464	-0.943942	0.183155	0.379933	
-0.9374	0.30526	0.167624	-0.0860473	
-0.214137	-0.125653	-0.968688	0.519501	
0	0	0	1	
-0.274563	-0.943811	0.183945	0.380103	
-0.936434	0.3059	0.171801	-0.0870129	
-0.218417	-0.125082	-0.967806	0.516266	
0	0	0	1	
-0.274283	-0.94371	0.18488	0.380293	
-0.935489	0.306381	0.17604	-0.0880894	
-0.222774	-0.124668	-0.966866	0.512631	
0	0	0	1	
-0.273291	-0.943819	0.185791	0.380518	
-0.934827	0.306116	0.179976	-0.0889808	
-0.226738	-0.124497	-0.965966	0.508995	
0	0	0	1	
-0.272367	-0.94394	0.186531	0.380913	
-0.934008	0.305951	0.184454	-0.0899006	
-0.231183	-0.123982	-0.964978	0.505095	
0	0	0	1	
-0.271135	-0.944268	0.186666	0.381545	
-0.933272	0.305359	0.189098	-0.0908127	
-0.23556	-0.122939	-0.964053	0.501071	
0	0	0	1	
-0.269846	-0.94468	0.186449	0.382204	
-0.932598	0.304604	0.193591	-0.0917972	
-0.239675	-0.121642	-0.963203	0.496884	
0	0	0	1	
-0.268562	-0.945138	0.18598	0.382988	
-0.931951	0.30377	0.197968	-0.0927021	
-0.243603	-0.120157	-0.962403	0.49249	
0	0	0	1	
-0.266751	-0.94575	0.185474	0.383951	
-0.931344	0.302455	0.202779	-0.0935057	
-0.247875	-0.118649	-0.961499	0.48758	
0	0	0	1	
-0.264996	-0.946362	0.18487	0.384951	
-0.930711	0.301159	0.207559	-0.0942651	
-0.252101	-0.117058	-0.960595	0.482726	
0	0	0	1	
-0.262738	-0.947194	0.183829	0.386239	
-0.930268	0.299239	0.212267	-0.094912	
-0.256067	-0.115239	-0.959765	0.477274	
0	0	0	1	
-0.26069	-0.947982	0.182678	0.387502	
-0.9298	0.297462	0.216768	-0.0954419	
-0.259832	-0.113344	-0.958979	0.471876	
0	0	0	1	
-0.258501	-0.948733	0.18189	0.388803	
