kinematics:
  shoulder:
    x: 0
    y: 0
    z: 0.08929704741488798
    roll: -0
    pitch: 0
    yaw: -5.497246710272547e-05
  upper_arm:
    x: 0.0001902165324606983
    y: 0
    z: 0
    roll: 1.569015237529708
    pitch: 0
    yaw: 0.0002690413966279535
  forearm:
    x: -0.4257036430644993
    y: 0
    z: 0
    roll: 3.140793176716545
    pitch: 3.138325756272702
    yaw: -3.141459021777533
  wrist_1:
    x: -0.3925162381061922
    y: 4.219191531678803e-05
    z: 0.1109491816605603
    roll: 3.141212372161382
    pitch: -3.140956703063505
    yaw: 3.141155261859124
  wrist_2:
    x: 6.308573422333112e-05
    y: -0.09477443335718772
    z: 0.0001191433167133652
    roll: 1.569539202381384
    pitch: 0
    yaw: -6.561396255159179e-05
  wrist_3:
    x: 0.0001091063849877088
    y: 0.08257867936570233
    z: 9.537508817786291e-05
    roll: 1.571951286483069
    pitch: 3.141592653589793
    yaw: 3.141042980091595
  hash: calib_1750303211426054316