# oST version 5.0 parameters


[image]

width
800

height
800

[narrow_stereo]

camera matrix
1055.359074 0.000000 398.233407
0.000000 1053.389541 421.780761
0.000000 0.000000 1.000000

distortion
-0.132651 0.231806 0.000450 -0.000738 0.000000

rectification
1.000000 0.000000 0.000000
0.000000 1.000000 0.000000
0.000000 0.000000 1.000000

projection
1038.642456 0.000000 397.348676 0.000000
0.000000 1036.634644 421.891491 0.000000
0.000000 0.000000 1.000000 0.000000
