# oST version 5.0 parameters


[image]

width
800

height
800

[narrow_stereo]

camera matrix
1103.479351 0.000000 368.375173
0.000000 1099.199449 433.251239
0.000000 0.000000 1.000000

distortion
-0.128401 0.287648 0.001864 -0.004723 0.000000

rectification
1.000000 0.000000 0.000000
0.000000 1.000000 0.000000
0.000000 0.000000 1.000000

projection
1087.858765 0.000000 365.358825 0.000000
0.000000 1085.639771 433.632215 0.000000
0.000000 0.000000 1.000000 0.000000
