# oST version 5.0 parameters


[image]

width
800

height
800

[narrow_stereo]

camera matrix
1071.368852 0.000000 395.833950
0.000000 1072.050795 401.873675
0.000000 0.000000 1.000000

distortion
-0.101946 0.102346 -0.002619 0.002093 0.000000

rectification
1.000000 0.000000 0.000000
0.000000 1.000000 0.000000
0.000000 0.000000 1.000000

projection
1056.723145 0.000000 396.230679 0.000000
0.000000 1057.388306 400.184966 0.000000
0.000000 0.000000 1.000000 0.000000
