# oST version 5.0 parameters


[image]

width
800

height
800

[narrow_stereo]

camera matrix
1051.920602 0.000000 417.854915
0.000000 1049.537701 414.410639
0.000000 0.000000 1.000000

distortion
-0.197313 0.858368 0.001150 0.002345 0.000000

rectification
1.000000 0.000000 0.000000
0.000000 1.000000 0.000000
0.000000 0.000000 1.000000

projection
1066.188110 0.000000 417.309309 0.000000
0.000000 1063.684570 413.459369 0.000000
0.000000 0.000000 1.000000 0.000000
