camera velocity
-0.00065455	0.000149534	-3.28377e-05	0.000532279	0.00217938	0.000381962	
-0.000657717	0.000161422	-4.14494e-05	0.000564311	0.00218814	0.000368336	
-0.000697357	0.000126702	-3.91218e-05	0.000472744	0.00229854	0.000397649	
-0.00071428	0.000113357	-3.5416e-05	0.000436511	0.00234555	0.000419724	
-0.000726749	9.88119e-05	-3.09094e-05	0.00039523	0.0023755	0.000426804	
-0.000726148	7.5933e-05	-2.34102e-05	0.00033462	0.00237264	0.00042817	
-0.000727897	5.4762e-05	-1.41703e-05	0.000276493	0.00237741	0.000436863	
-0.000711485	2.02987e-05	-6.11829e-06	0.000184074	0.00233799	0.000452494	
-0.000711893	-1.84091e-06	9.83346e-07	0.000125979	0.0023373	0.00046842	
-0.000721958	-1.34562e-05	4.18744e-06	9.32571e-05	0.00236638	0.000478454	
-0.00072079	-5.80218e-06	6.73261e-06	0.000114441	0.00236371	0.000474	
-0.000728632	-1.76315e-05	9.991e-06	8.12706e-05	0.00238263	0.000479306	
-0.000734112	-5.38893e-06	1.16945e-05	0.000115375	0.00239957	0.000475773	
-0.000732873	1.70435e-05	1.42367e-05	0.000173184	0.00239406	0.000468001	
-0.000726412	1.64124e-05	1.88833e-05	0.000174259	0.00237692	0.000463277	
-0.000730875	1.92397e-05	2.26634e-05	0.00018216	0.00239283	0.000466143	
-0.000723964	1.54702e-05	2.78196e-05	0.00017175	0.00237185	0.000470225	
-0.000718021	2.20849e-05	3.03533e-05	0.000191442	0.00235551	0.000457791	
-0.000715111	3.03587e-05	3.09584e-05	0.000216773	0.0023515	0.000453788	
-0.000725206	2.971e-05	3.25998e-05	0.000215292	0.00237591	0.000462171	
-0.000727306	3.3299e-05	3.27308e-05	0.000227599	0.00238366	0.00046065	
-0.000740723	5.15665e-05	3.41474e-05	0.000277497	0.00242772	0.000451127	
-0.00075834	7.48655e-05	3.05373e-05	0.000342936	0.00247693	0.000450619	
-0.00077523	7.5936e-05	3.02869e-05	0.000350705	0.00252491	0.000463913	
-0.000784913	9.53493e-05	2.74011e-05	0.000404476	0.00255466	0.000464265	
-0.000789636	0.00011005	2.31919e-05	0.000452115	0.0025697	0.000465605	
-0.000792367	0.000129659	1.57405e-05	0.000508446	0.0025818	0.000470123	
-0.000798062	0.000133888	1.31423e-05	0.000528295	0.00260011	0.000479349	
-0.000819191	0.000119804	1.2536e-05	0.000493995	0.00266295	0.000492311	
-0.000825278	0.000118105	1.66799e-05	0.000493745	0.00268423	0.000499508	
-0.000825526	0.000142126	1.69702e-05	0.000557234	0.00268894	0.000490565	
-0.000845118	0.000125676	1.66999e-05	0.000513433	0.00274752	0.000507422	
-0.000859868	0.000145519	1.17576e-05	0.000567994	0.00278686	0.000509894	
-0.000864119	0.000148153	1.02929e-05	0.00057544	0.00280429	0.000501785	
-0.000863198	0.000108114	9.63506e-06	0.000465023	0.00279965	0.000550446	
-0.000838867	1.40664e-05	1.36973e-05	0.000202379	0.00272811	0.000614328	
-0.000794352	-4.94764e-05	1.84093e-05	2.19588e-05	0.00260348	0.000632503	
-0.000764671	-4.95561e-05	2.01148e-05	1.76629e-05	0.00252474	0.000600423	
-0.00069364	-0.000170223	2.97048e-05	-0.000320579	0.00231723	0.000638034	
-0.000614347	-0.000272822	3.7229e-05	-0.00060854	0.00208845	0.000682538	
-0.00049549	-0.000396991	4.6378e-05	-0.000957231	0.00175039	0.000735038	
-0.000348513	-0.000513734	4.90167e-05	-0.0012886	0.00132473	0.000769835	
-0.000107328	-0.000619486	5.0025e-05	-0.00159318	0.000635982	0.000781193	
0.000148687	-0.000635153	3.24831e-05	-0.00165463	-9.95e-05	0.000728103	
0.000237424	-0.000607223	2.09935e-05	-0.00158418	-0.000356495	0.000683125	
0.000287006	-0.000588132	1.27472e-05	-0.00153287	-0.00049836	0.000668206	
0.000305415	-0.000596132	1.29289e-05	-0.00155572	-0.000548659	0.000688285	
0.000324151	-0.000605114	1.33066e-05	-0.00157749	-0.000595871	0.000702657	
0.000334824	-0.00064281	1.61359e-05	-0.00168517	-0.000632021	0.000740898	
0.000377312	-0.000692355	1.38772e-05	-0.00182471	-0.000762039	0.00076833	
0.000450591	-0.00072982	7.455e-06	-0.00193579	-0.000983556	0.000761054	
0.000494664	-0.000691551	-8.84603e-07	-0.00184053	-0.00111799	0.000723485	
0.000576283	-0.000614071	-2.10978e-05	-0.0016432	-0.00136894	0.000627132	
0.000621742	-0.00054851	-3.74978e-05	-0.00147537	-0.00151473	0.000542809	
0.000653008	-0.000453067	-5.17095e-05	-0.00121945	-0.00161446	0.000448474	
0.000700633	-0.000372729	-7.27963e-05	-0.00100975	-0.0017724	0.000342372	
0.000745155	-0.000324325	-8.66188e-05	-0.000882444	-0.00191374	0.000263672	
0.000762595	-0.000275542	-9.45287e-05	-0.000751429	-0.0019697	0.000207173	
0.000753163	-0.000250723	-0.000100461	-0.000683938	-0.00194555	0.000171607	
0.000726579	-0.00023036	-9.90025e-05	-0.000624296	-0.0018658	0.000149694	
0.00069259	-0.000221161	-9.88802e-05	-0.000596648	-0.00176517	0.000135268	
0.000663388	-0.00020957	-9.58346e-05	-0.000562938	-0.00167292	0.0001296	
0.000655489	-0.000203521	-9.64433e-05	-0.000538568	-0.00164301	0.000108877	
0.000634492	-0.000181145	-0.00010136	-0.000474436	-0.00157859	8.96842e-05	
0.000580626	-0.000224243	-9.02422e-05	-0.000579928	-0.00140039	0.000141581	
0.000563397	-0.00023616	-8.74856e-05	-0.000606606	-0.00134448	0.000138347	
0.00058911	-0.000213768	-9.6728e-05	-0.000541701	-0.00141039	9.78432e-05	
0.00062281	-0.000178164	-0.00010877	-0.000445701	-0.00151272	3.673e-05	
0.000640888	-0.000167157	-0.00011224	-0.000411344	-0.0015512	1.93176e-05	
0.000680496	-0.000132977	-0.000123553	-0.000314946	-0.00166697	-4.26234e-05	
0.000711394	-0.000114079	-0.000131701	-0.000262988	-0.00174493	-7.02246e-05	
0.000704871	-0.000101076	-0.000135541	-0.000221861	-0.0017227	-8.89209e-05	
0.000706328	-8.22026e-05	-0.00013501	-0.00016634	-0.00171243	-9.11821e-05	
0.000696273	-6.98963e-05	-0.00014061	-0.000130171	-0.00167194	-8.76169e-05	
0.000717707	-4.89458e-05	-0.00014422	-7.03196e-05	-0.00172721	-0.000109827	
0.000728657	-2.90743e-05	-0.000152505	-1.62891e-05	-0.00174951	-0.000133029	
0.000749325	-9.33725e-06	-0.000157301	4.36234e-05	-0.00179755	-0.000160983	
0.000797618	-2.14521e-05	-0.00016104	7.64756e-06	-0.00192493	-0.000191475	
0.000779947	-2.10293e-05	-0.000158947	1.65111e-05	-0.00186312	-0.000183917	
0.000773332	-6.67074e-06	-0.000157419	6.09402e-05	-0.0018304	-0.000198835	
0.000766868	-3.55402e-06	-0.000157503	7.2441e-05	-0.0018007	-0.000203723	
0.000764103	2.95929e-06	-0.000151878	9.58695e-05	-0.00177647	-0.000199878	
0.000759113	1.86394e-05	-0.000149585	0.000144625	-0.00174145	-0.000199913	
0.000772496	2.60427e-05	-0.000149796	0.000168673	-0.00175631	-0.000205217	
0.000791367	4.37411e-05	-0.000153484	0.000223355	-0.00178507	-0.000212281	
0.000746604	3.83146e-05	-0.000143846	0.000221609	-0.00162287	-0.00018418	
0.000863491	6.87328e-05	-0.000158795	0.000308702	-0.00194067	-0.000219124	
0.000890078	6.74371e-05	-0.000158418	0.00031143	-0.00198785	-0.000213093	
0.0008915	0.000102346	-0.000163462	0.000418034	-0.00196809	-0.000200565	
0.000856579	8.81828e-05	-0.000154194	0.000394954	-0.00183659	-0.000162648	
0.000855251	0.000120153	-0.00015992	0.000490932	-0.00180757	-0.00013885	
0.000911769	0.000143862	-0.000169963	0.00056187	-0.00195454	-0.000138933	
0.00098735	0.000155033	-0.000169441	0.000590441	-0.00214734	-0.000146845	
0.000956629	0.000157933	-0.000162969	0.000608797	-0.00204787	-0.000121644	
0.000922628	0.000155943	-0.000153312	0.00060991	-0.00194749	-0.000115427	
0.000994407	0.000120879	-0.000152958	0.000508653	-0.00217841	-0.000161125	
0.000927554	0.000104203	-0.000139667	0.000472795	-0.00198827	-0.000145566	
0.000935129	9.91107e-05	-0.000131271	0.000463505	-0.00201252	-0.000162204	
0.000936397	7.20023e-05	-0.000135809	0.000390285	-0.00202411	-0.000170106	
0.000894678	6.1391e-05	-0.000128889	0.000369814	-0.00190646	-0.000156074	
0.000949073	3.17325e-05	-0.000126008	0.000287681	-0.00208063	-0.000194446	
0.000920649	9.91211e-06	-0.000122502	0.000232658	-0.00200813	-0.000193078	
0.00105522	-1.09246e-05	-0.000128364	0.000170048	-0.00241528	-0.000257056	
0.00100772	-2.11155e-05	-0.000122251	0.000145056	-0.00228588	-0.000256485	
0.00094735	-3.01761e-05	-0.000119507	0.000122279	-0.00211316	-0.000229729	
0.00102762	-4.55911e-05	-0.000127809	7.11008e-05	-0.00236816	-0.00028113	
0.00104008	-7.44364e-05	-0.000123195	-1.40883e-05	-0.00241526	-0.000302534	
0.00101899	-8.98741e-05	-0.000117205	-5.52137e-05	-0.00237037	-0.000301256	
0.000867589	-6.90781e-05	-9.70462e-05	1.71353e-05	-0.00194025	-0.000273416	
0.000718436	-4.95427e-05	-8.90698e-05	9.0493e-05	-0.00152723	-0.000223281	
0.00067497	-4.0655e-05	-8.86382e-05	0.00012058	-0.00142539	-0.000210102	
0.000631732	-4.4988e-05	-8.93652e-05	0.000114805	-0.00132366	-0.000189002	
0.000662912	-8.15673e-05	-9.16739e-05	7.88616e-06	-0.00143574	-0.000192	
0.000582614	-9.3752e-05	-8.7558e-05	-1.39079e-05	-0.00121028	-0.000165018	
0.000487858	-5.94236e-05	-8.09503e-05	8.40805e-05	-0.00093391	-0.000125194	
0.000524702	-8.36668e-05	-8.21157e-05	2.11827e-05	-0.00104233	-0.000127076	
0.00051366	-0.000107418	-8.01766e-05	-4.3743e-05	-0.00101594	-0.000119834	
0.000635396	-0.000146498	-8.74718e-05	-0.00016229	-0.00137374	-0.000171476	
0.00069013	-0.000137135	-9.02248e-05	-0.00014328	-0.00153841	-0.000193694	
0.000679608	-0.00017176	-8.33664e-05	-0.000235074	-0.00151295	-0.000190738	
0.000706541	-0.000162672	-8.30263e-05	-0.000213066	-0.00159671	-0.000183053	
0.00061985	-0.000184319	-6.90125e-05	-0.000267058	-0.00136293	-0.000124941	
0.000527945	-0.000169178	-6.08464e-05	-0.000218331	-0.00111678	-5.40894e-05	
0.000604606	-0.000189843	-5.53137e-05	-0.000290348	-0.00137401	-1.66472e-05	
0.000650927	-0.000181599	-5.16186e-05	-0.000279332	-0.00153675	1.36949e-05	
0.000549148	-0.000160938	-3.45218e-05	-0.000214507	-0.00126841	0.000114272	
0.000513901	-0.000136402	-2.82836e-05	-0.000144589	-0.00119006	0.000158147	
0.000501057	-0.000126697	-1.9176e-05	-0.000120327	-0.00117569	0.000192927	
0.000502757	-0.000105614	-1.13597e-05	-6.62895e-05	-0.00120836	0.000222811	
0.000488491	-7.17521e-05	-4.85657e-06	2.63186e-05	-0.00118832	0.000230347	
0.000481824	-6.41957e-05	4.62191e-06	4.06532e-05	-0.00120274	0.000252003	
0.000432268	-4.39437e-05	1.18462e-05	9.79595e-05	-0.00107708	0.000271017	
0.000333921	3.04431e-06	2.6778e-05	0.000235135	-0.000815227	0.000306005	
0.000325524	-1.41386e-05	3.97656e-05	0.000178094	-0.000837048	0.000343895	
0.000246823	2.32357e-05	4.9785e-05	0.000286209	-0.000614282	0.000348849	
0.000271042	2.83058e-05	5.27192e-05	0.000292622	-0.000697408	0.000342752	
0.000343982	5.61243e-05	3.88344e-05	0.000357596	-0.00091699	0.000293406	
0.000457633	1.01183e-05	3.91382e-05	0.00021121	-0.0012834	0.000293214	
0.000401364	4.9581e-05	4.1009e-05	0.000321274	-0.00111733	0.000281655	
0.000399541	4.05194e-05	5.13348e-05	0.000292819	-0.0011468	0.000300394	
0.000389736	3.75573e-05	5.46375e-05	0.000282247	-0.00113742	0.000309118	
0.000375837	4.36312e-05	6.02982e-05	0.000294342	-0.00111744	0.000314378	
0.000405847	2.48011e-05	6.37613e-05	0.000233983	-0.00122575	0.000312101	
0.000353687	6.04677e-05	6.59975e-05	0.000337629	-0.00106757	0.000303927	
0.000281753	8.35697e-05	6.99499e-05	0.000409338	-0.000866691	0.000311065	
0.000299762	4.06957e-05	8.28484e-05	0.000278708	-0.000981532	0.000317501	
0.000227162	5.72421e-05	9.26892e-05	0.000328308	-0.000797783	0.000329855	
0.00021989	7.94376e-05	9.15071e-05	0.000390552	-0.000778547	0.000306085	
0.000245543	7.26676e-05	8.99369e-05	0.000370846	-0.000850092	0.000293494	
0.000149516	0.000120297	9.26033e-05	0.000513506	-0.000570987	0.000290251	
0.000117417	0.000136791	9.58361e-05	0.000562781	-0.000486282	0.00029343	
0.00019983	7.91661e-05	0.000110543	0.000388499	-0.000764564	0.00026171	
0.000171324	0.000125926	0.000101058	0.000529734	-0.000653746	0.000247578	
0.000119209	0.000138612	0.000103408	0.000568818	-0.000512724	0.000254679	
0.000172822	0.00011563	0.000105002	0.000503723	-0.000679345	0.000241458	
0.000209618	0.000156306	0.000117824	0.000617492	-0.000741404	9.56858e-05	
0.000165765	0.00012826	0.000109116	0.000527597	-0.000685256	0.000212293	
0.0001757	0.000130666	9.79975e-05	0.000553053	-0.000665503	0.000200418	
0.000139426	0.000165333	9.61216e-05	0.000655424	-0.000549394	0.000180957	
0.00012641	0.000183499	9.12475e-05	0.000713557	-0.000482185	0.000167741	
0.000180222	0.000151675	9.08782e-05	0.000614876	-0.000667447	0.000140965	
0.000139406	0.000153847	9.44114e-05	0.000628433	-0.000546855	0.00015489	
7.50521e-05	0.000198975	8.88141e-05	0.000763864	-0.000331367	0.000118241	
0.000101885	0.000183864	9.00251e-05	0.000719852	-0.000417934	0.000106407	
0.000103924	0.000166968	9.45346e-05	0.000671114	-0.000438936	0.000102709	
0.000135384	0.00017067	8.21341e-05	0.000690607	-0.000487915	7.69917e-05	
0.000180082	0.000121891	9.04233e-05	0.000540284	-0.000662003	7.97854e-05	
0.000223591	8.63913e-05	9.52662e-05	0.000435549	-0.000814545	7.95821e-05	
8.32705e-05	0.000193989	7.82508e-05	0.000767711	-0.00032087	2.44725e-05	
8.7872e-05	0.000176638	7.98522e-05	0.00071583	-0.000354299	2.31163e-05	
8.05546e-05	0.000191496	7.10751e-05	0.000772386	-0.000284055	2.42402e-06	
3.52981e-05	0.000184367	7.35597e-05	0.000759093	-0.000156663	1.4789e-05	
6.181e-07	0.000192245	6.84545e-05	0.000798176	-1.86055e-05	1.71786e-05	
-2.79299e-05	0.000194552	5.64758e-05	0.000820098	0.000106528	2.1484e-05	
-9.79612e-05	0.000187501	4.67645e-05	0.000834118	0.000380447	5.52999e-05	
-0.000169196	0.000177487	3.68576e-05	0.000833049	0.000640975	4.01966e-05	
-0.000114272	0.000177409	3.27339e-05	0.000824708	0.000474016	1.6313e-05	
-0.000137267	0.000180779	5.51226e-06	0.000874735	0.000691593	-3.51492e-05	
5.57935e-05	0.000136011	1.83351e-05	0.000695935	-8.61034e-06	-3.74714e-05	
5.10025e-05	9.82944e-05	1.81902e-05	0.000595604	9.77911e-06	-5.41057e-06	
0.000128377	4.92371e-05	2.93737e-05	0.000431992	-0.000295062	9.0226e-06	
0.000158525	2.80814e-05	2.76581e-05	0.000374038	-0.000375637	4.13682e-06	
0.000243142	-8.97828e-06	3.41903e-05	0.000245477	-0.000688635	-1.55399e-05	
0.000269029	-8.98982e-05	6.69114e-05	-1.64076e-05	-0.00090679	1.54706e-05	
0.000247215	-0.000137879	8.70275e-05	-0.000157232	-0.000898253	7.2078e-05	
0.000102706	-0.000133317	0.000103261	-0.00013802	-0.000514919	0.000105329	
-1.34059e-05	-7.07418e-05	9.13814e-05	5.76367e-05	-0.000122082	7.54763e-05	
8.75173e-05	-0.000130405	9.81235e-05	-0.000126822	-0.000454055	5.95372e-05	
0.000248542	-0.000214612	0.000111805	-0.000391411	-0.00100889	5.36809e-05	
5.5493e-05	-4.97969e-05	6.68779e-05	0.000128503	-0.000248112	-3.8269e-05	
-6.57133e-06	-6.2862e-05	7.35429e-05	9.96469e-05	-6.05883e-05	-1.93713e-05	
-5.74826e-06	-0.000106022	8.00791e-05	-1.60711e-05	-6.75616e-05	5.95564e-06	
0.000154552	-0.000127762	7.42365e-05	-0.000104407	-0.000583783	-6.26159e-05	
0.000113514	-0.000104977	6.19788e-05	-2.08331e-05	-0.00039457	-8.51604e-05	
6.97969e-05	-0.000112985	5.60156e-05	-2.02395e-05	-0.000210933	-6.85096e-05	
9.83766e-05	-0.000103581	4.96399e-05	6.58056e-06	-0.000284891	-0.000101898	
0.000121097	-0.000157256	7.12161e-05	-0.000164072	-0.00043213	-7.43273e-05	
7.92634e-05	-0.000182523	7.49642e-05	-0.000206126	-0.000277769	-5.95064e-05	
0.000147891	-0.000203655	7.99127e-05	-0.000281121	-0.000530778	-9.71574e-05	
0.000174362	-0.000224133	8.54702e-05	-0.000320059	-0.000598514	-0.000106683	
0.000217694	-0.000237626	0.000104629	-0.000351589	-0.000764723	-0.000147588	
0.000223113	-0.000225204	0.000118673	-0.000285728	-0.000772176	-0.000193182	
0.000219604	-0.000216074	0.000141796	-0.000231057	-0.000761999	-0.000207146	
0.000276944	-0.000213647	0.000138868	-0.000205709	-0.000883251	-0.000225962	
0.000246563	-0.000206343	0.000156388	-0.000166319	-0.000815127	-0.000188408	
0.000215207	-0.00017327	0.000155249	-6.02602e-05	-0.000703848	-0.000172002	
0.000195147	-0.000145958	0.000149335	3.45026e-05	-0.00060586	-0.000149993	
0.00023187	-0.000125878	0.000140822	8.49117e-05	-0.000731527	-0.000155649	
0.000223347	-0.00012149	0.000140543	0.000109627	-0.000698283	-0.000121507	
0.000165262	-0.000102694	0.000129635	0.000169035	-0.000525268	-2.39255e-05	
4.78568e-05	-5.2494e-05	0.000111736	0.000320308	-0.000163117	7.46068e-05	
5.22388e-05	-3.80666e-05	9.96683e-05	0.000316969	-0.000293461	0.000164863	
-1.66571e-06	2.13872e-05	6.45567e-05	0.000485632	-9.09713e-05	0.000209136	
-1.24658e-05	3.71859e-05	3.72923e-05	0.000502948	-9.14087e-05	0.000305516	
0.000127641	-7.92944e-06	2.94921e-05	0.000356151	-0.000525759	0.000274609	
0.00022606	-6.55757e-05	3.7681e-05	0.000167921	-0.000889198	0.000253241	
3.54835e-05	6.25135e-05	9.49032e-06	0.000517233	-0.000371386	0.000301903	
5.66883e-05	8.10024e-05	-7.04061e-06	0.000573063	-0.00039767	0.000264318	
-2.78702e-05	0.000116081	-2.54233e-05	0.00066181	-0.000168507	0.00032671	
-4.45047e-05	0.000128509	-3.67069e-05	0.000703462	-8.95177e-05	0.000328336	
-0.000107692	0.000166021	-5.56947e-05	0.000815661	0.000137973	0.000373975	
-0.000195237	0.000232085	-6.60967e-05	0.00100637	0.000388939	0.000365366	
-0.000342285	0.000317589	-9.21358e-05	0.00126727	0.000868945	0.000429633	
-0.000347478	0.000350079	-9.30516e-05	0.00138478	0.000928616	0.000406359	
-0.000275902	0.000317111	-9.53687e-05	0.00131553	0.000775263	0.000445721	
-0.000286345	0.000280005	-8.31792e-05	0.00119927	0.000673307	0.000437779	
-0.00030725	0.000319612	-9.12981e-05	0.00133909	0.000799202	0.000432147	
-0.000108612	0.00019506	-6.20889e-05	0.00098102	0.000138617	0.000397956	
-0.000145433	0.000215198	-6.08899e-05	0.00105237	0.000254299	0.000404494	
-0.000153693	0.00020622	-5.89128e-05	0.00102659	0.000244673	0.000435397	
-0.000248495	0.000221618	-7.30129e-05	0.0010743	0.000515329	0.000541492	
-0.000249828	0.000204327	-7.94383e-05	0.00102442	0.000499615	0.000592953	
-0.000280132	0.000173743	-8.6534e-05	0.000924125	0.000518762	0.000699168	
-0.000370444	0.000240429	-0.000104425	0.00112893	0.000810576	0.000746213	
-0.000364129	0.000202713	-0.000116555	0.00101577	0.000753471	0.000818986	
-0.000363311	0.000228747	-0.000126248	0.00111404	0.000797708	0.000834766	
-0.000375371	0.000198155	-0.000143367	0.00102515	0.000818579	0.000898896	
-0.00035917	0.000176992	-0.000146403	0.000983328	0.000765592	0.00090358	
-0.000304541	0.000135301	-0.000138977	0.000881959	0.000592482	0.000876684	
-0.000259617	0.000145432	-0.000132503	0.000936504	0.00048998	0.000824676	
-0.000260563	0.000158615	-0.000146824	0.000986748	0.000509519	0.000807166	
-0.000394759	6.36817e-05	-0.000196933	0.000709402	0.000833378	0.000882297	
-0.000506454	3.83105e-05	-0.000244799	0.000643315	0.00115117	0.000862034	
-0.000359989	1.14375e-05	-0.00022069	0.000598969	0.000728779	0.000706916	
-0.000338412	3.29451e-05	-0.000230357	0.000683102	0.000702663	0.000562645	
-0.000495792	-0.000121439	-0.000316319	0.000210688	0.00112178	0.000528911	
-0.000362057	-0.000205527	-0.000311645	-2.67626e-05	0.000734941	0.000403142	
-0.000763393	-0.000409093	-0.000521227	-0.000731879	0.0018488	0.000303282	
-0.00172238	-0.000553638	-0.000832819	-0.00125551	0.00458876	0.000110653	
-0.00197978	-0.000635529	-0.000895528	-0.00141268	0.00532641	-0.000141013	
-0.0020248	-0.000600318	-0.000884873	-0.00116883	0.00546482	-0.000582426	
-0.00196695	-0.000517956	-0.000872375	-0.000862451	0.00536671	-0.000924431	
-0.00154569	-0.000291379	-0.000774374	-3.58089e-05	0.00436328	-0.000994594	
-0.00158053	-0.000346224	-0.000781473	-0.000120377	0.00454756	-0.00131037	
-0.00167931	-0.000493502	-0.000778998	-0.000491274	0.00497513	-0.00159901	
-0.00157001	-0.000536496	-0.000775248	-0.000573402	0.00472448	-0.001691	
-0.00142389	-0.000671924	-0.000694566	-0.0009953	0.00449823	-0.00166697	
-0.000667321	-0.000368319	-0.000330705	-0.000950697	0.00277722	-0.00098132	
-8.88638e-06	-9.66702e-05	-0.000185668	-0.000257225	0.000770072	-0.000260025	
0.0002025	1.07568e-05	-3.15125e-05	-9.04589e-05	-4.45291e-05	8.86331e-06	
0.0001759	3.76253e-05	-3.28082e-05	7.33657e-05	-0.000294351	5.36531e-05	
camera pose
-0.219716	-0.960183	-0.17255	0	
-0.964022	0.186567	0.189352	0	
-0.14962	0.207946	-0.966629	0	
0.48688	-0.0382003	0.29429	1	
-0.220601	-0.960091	-0.171932	0	
-0.963776	0.187475	0.189709	0	
-0.149905	0.207554	-0.966669	0	
0.486907	-0.0376621	0.294251	1	
-0.220832	-0.960413	-0.169827	0	
-0.963674	0.188044	0.189664	0	
-0.150221	0.205542	-0.96705	0	
0.486857	-0.0369657	0.294258	1	
-0.220794	-0.960802	-0.167659	0	
-0.963689	0.188444	0.189191	0	
-0.150181	0.203343	-0.967521	0	
0.486927	-0.036249	0.294503	1	
-0.220887	-0.961179	-0.165359	0	
-0.963658	0.188973	0.188819	0	
-0.150241	0.201057	-0.96799	0	
0.486995	-0.0355404	0.294702	1	
-0.220935	-0.961609	-0.162778	0	
-0.963582	0.189439	0.188739	0	
-0.150657	0.198549	-0.968443	0	
0.486967	-0.0347424	0.294795	1	
-0.221081	-0.961972	-0.160415	0	
-0.963494	0.189972	0.188652	0	
-0.151004	0.196266	-0.968854	0	
0.487013	-0.0340534	0.294873	1	
-0.221238	-0.962303	-0.158201	0	
-0.963393	0.190473	0.188665	0	
-0.151419	0.194149	-0.969215	0	
0.48705	-0.0333079	0.294948	1	
-0.22139	-0.962656	-0.155822	0	
-0.963259	0.190959	0.188858	0	
-0.15205	0.191908	-0.969563	0	
0.487087	-0.0325616	0.294929	1	
-0.221549	-0.962965	-0.15367	0	
-0.963187	0.19149	0.188683	0	
-0.152269	0.189816	-0.96994	0	
0.487265	-0.0318345	0.295096	1	
-0.221625	-0.963295	-0.151479	0	
-0.963153	0.19197	0.188372	0	
-0.152379	0.187645	-0.970345	0	
0.487489	-0.0311132	0.295319	1	
-0.221843	-0.963607	-0.149152	0	
-0.96306	0.192583	0.188224	0	
-0.15265	0.185398	-0.970735	0	
0.487649	-0.0304248	0.295459	1	
-0.22192	-0.963969	-0.146678	0	
-0.963004	0.193095	0.187982	0	
-0.152886	0.182969	-0.971158	0	
0.48784	-0.0296822	0.295633	1	
-0.221941	-0.964297	-0.144478	0	
-0.962991	0.193533	0.187599	0	
-0.15294	0.180767	-0.971562	0	
0.488066	-0.0290122	0.295864	1	
-0.221892	-0.964678	-0.141985	0	
-0.96295	0.19391	0.18742	0	
-0.153268	0.178311	-0.971964	0	
0.488219	-0.0282496	0.295991	1	
-0.221903	-0.965023	-0.139605	0	
-0.962909	0.194338	0.187184	0	
-0.153506	0.175964	-0.972354	0	
0.488387	-0.0275263	0.296142	1	
-0.222017	-0.965334	-0.137253	0	
-0.962845	0.194861	0.186972	0	
-0.153745	0.173665	-0.97273	0	
0.488539	-0.0268212	0.296282	1	
-0.222092	-0.965655	-0.134855	0	
-0.962793	0.195358	0.186723	0	
-0.153965	0.171307	-0.973113	0	
0.488702	-0.0260978	0.296433	1	
-0.222241	-0.965953	-0.13245	0	
-0.9627	0.195901	0.186634	0	
-0.154333	0.168987	-0.97346	0	
0.488872	-0.0253933	0.296496	1	
-0.222217	-0.966272	-0.130146	0	
-0.962617	0.196229	0.186715	0	
-0.154879	0.166772	-0.973755	0	
0.488905	-0.0246005	0.29648	1	
-0.222337	-0.96656	-0.127784	0	
-0.962558	0.196767	0.186455	0	
-0.155077	0.164455	-0.974118	0	
0.489062	-0.0238638	0.296626	1	
-0.222404	-0.966841	-0.125519	0	
-0.962512	0.197236	0.186198	0	
-0.155267	0.162225	-0.974462	0	
0.489209	-0.0231671	0.296761	1	
-0.222535	-0.967141	-0.122953	0	
-0.962438	0.19781	0.185968	0	
-0.155536	0.159719	-0.974833	0	
0.489338	-0.0224342	0.296872	1	
-0.222552	-0.967462	-0.120364	0	
-0.962344	0.198233	0.186006	0	
-0.156094	0.157228	-0.975148	0	
0.489349	-0.0216791	0.296841	1	
-0.222447	-0.967818	-0.117667	0	
-0.962348	0.198629	0.185562	0	
-0.156218	0.154514	-0.975562	0	
0.489543	-0.020845	0.297037	1	
-0.222499	-0.968121	-0.115048	0	
-0.962247	0.199095	0.185587	0	
-0.156765	0.151998	-0.97587	0	
0.48955	-0.020065	0.297006	1	
-0.222605	-0.968414	-0.112346	0	
-0.96213	0.199626	0.185622	0	
-0.157332	0.149412	-0.976178	0	
0.48955	-0.0192522	0.296963	1	
-0.222748	-0.968688	-0.109668	0	
-0.962008	0.200196	0.185637	0	
-0.15787	0.146852	-0.976479	0	
0.489547	-0.0184677	0.296923	1	
-0.222849	-0.968979	-0.106851	0	
-0.961899	0.200754	0.1856	0	
-0.158392	0.144141	-0.976799	0	
0.489547	-0.0176087	0.296889	1	
-0.22289	-0.969263	-0.104156	0	
-0.961854	0.201278	0.185268	0	
-0.158609	0.141477	-0.977153	0	
0.489612	-0.0167507	0.296901	1	
-0.222943	-0.969525	-0.101579	0	
-0.961893	0.201866	0.184424	0	
-0.158298	0.138824	-0.977584	0	
0.489769	-0.0158975	0.297264	1	
-0.223083	-0.969784	-0.0987596	0	
-0.961801	0.202486	0.184224	0	
-0.15866	0.136084	-0.97791	0	
0.489784	-0.0150894	0.297276	1	
-0.223085	-0.970072	-0.0958808	0	
-0.961787	0.203022	0.183705	0	
-0.158741	0.133199	-0.978294	0	
0.489831	-0.0142258	0.297414	1	
-0.22304	-0.970359	-0.0930368	0	
-0.961828	0.203541	0.182918	0	
-0.15856	0.130283	-0.978716	0	
0.489956	-0.0133442	0.297656	1	
-0.223075	-0.97063	-0.0900787	0	
-0.961758	0.204083	0.182678	0	
-0.158929	0.127385	-0.979038	0	
0.489962	-0.0124691	0.297657	1	
-0.223108	-0.97087	-0.0873733	0	
-0.961751	0.204623	0.182108	0	
-0.158925	0.124661	-0.979389	0	
0.490036	-0.0115584	0.297846	1	
-0.223263	-0.971068	-0.0847431	0	
-0.961738	0.205285	0.181433	0	
-0.158787	0.122008	-0.979745	0	
0.490228	-0.0107164	0.29809	1	
-0.223478	-0.971216	-0.0824452	0	
-0.961741	0.205963	0.180649	0	
-0.158469	0.119662	-0.980086	0	
0.490503	-0.00989186	0.298408	1	
-0.223578	-0.971391	-0.0800761	0	
-0.961699	0.206486	0.180274	0	
-0.158582	0.117314	-0.980351	0	
0.490785	-0.00913801	0.298501	1	
-0.223791	-0.971535	-0.0776934	0	
-0.961578	0.207084	0.180235	0	
-0.159016	0.115043	-0.98055	0	
0.491133	-0.00843213	0.298594	1	
-0.224079	-0.971634	-0.0756069	0	
-0.961421	0.207688	0.180375	0	
-0.159556	0.113108	-0.980688	0	
0.491615	-0.00786998	0.298642	1	
-0.224544	-0.971668	-0.0737614	0	
-0.961145	0.208367	0.181062	0	
-0.160563	0.111552	-0.980702	0	
0.492083	-0.00744526	0.298572	1	
-0.22488	-0.971729	-0.0719176	0	
-0.960856	0.208895	0.181983	0	
-0.161815	0.110027	-0.980668	0	
0.492708	-0.00722295	0.298438	1	
-0.225171	-0.97178	-0.0702892	0	
-0.960509	0.209298	0.183347	0	
-0.163462	0.108798	-0.980532	0	
0.493339	-0.00725111	0.298181	1	
-0.225877	-0.971653	-0.0697838	0	
-0.960077	0.209906	0.184912	0	
-0.165023	0.108765	-0.980274	0	
0.493904	-0.00733077	0.297921	1	
-0.226566	-0.971503	-0.0696386	0	
-0.959634	0.210422	0.186615	0	
-0.166644	0.109108	-0.979962	0	
0.494424	-0.00765445	0.297601	1	
-0.227238	-0.971331	-0.0698496	0	
-0.959239	0.210881	0.188121	0	
-0.167998	0.109751	-0.979659	0	
0.494941	-0.00808581	0.297341	1	
-0.227981	-0.971134	-0.0701713	0	
-0.958842	0.211398	0.189561	0	
-0.169255	0.110499	-0.979358	0	
0.495484	-0.00857944	0.297155	1	
-0.228752	-0.970926	-0.0705301	0	
-0.958403	0.211913	0.191195	0	
-0.17069	0.111333	-0.979015	0	
0.495995	-0.0090765	0.296874	1	
-0.229413	-0.970744	-0.0708945	0	
-0.957976	0.212308	0.192894	0	
-0.172199	0.112167	-0.978655	0	
0.4965	-0.00954251	0.296574	1	
-0.23036	-0.970474	-0.0715143	0	
-0.957477	0.212929	0.194677	0	
-0.173701	0.113319	-0.978257	0	
0.497083	-0.0101518	0.296319	1	
-0.231201	-0.970217	-0.0722806	0	
-0.957013	0.213422	0.196411	0	
-0.175135	0.114584	-0.977854	0	
0.49766	-0.0107374	0.296072	1	
-0.232221	-0.969901	-0.0732429	0	
-0.956465	0.21402	0.198418	0	
-0.17677	0.116131	-0.977377	0	
0.498281	-0.0114506	0.295754	1	
-0.232992	-0.969633	-0.0743353	0	
-0.956024	0.214377	0.20015	0	
-0.178136	0.1177	-0.976941	0	
0.498709	-0.0121197	0.29545	1	
-0.233904	-0.969303	-0.0757668	0	
-0.955593	0.214828	0.201719	0	
-0.17925	0.119585	-0.976509	0	
0.499112	-0.0129099	0.295225	1	
-0.234581	-0.969031	-0.0771429	0	
-0.955255	0.215082	0.203045	0	
-0.180165	0.121322	-0.976126	0	
0.499437	-0.013699	0.295014	1	
-0.235274	-0.96874	-0.0786729	0	
-0.954948	0.21534	0.204213	0	
-0.180888	0.123174	-0.97576	0	
0.499623	-0.0145334	0.294819	1	
-0.235854	-0.968452	-0.0804591	0	
-0.954725	0.21547	0.205116	0	
-0.181309	0.125194	-0.975425	0	
0.499777	-0.0154156	0.294718	1	
-0.236403	-0.968161	-0.0823306	0	
-0.954569	0.215591	0.205717	0	
-0.181418	0.127222	-0.975142	0	
0.499976	-0.0163066	0.294731	1	
-0.236838	-0.967904	-0.084077	0	
-0.954386	0.215587	0.206565	0	
-0.18181	0.129164	-0.974814	0	
0.499996	-0.0171079	0.294581	1	
-0.237354	-0.967628	-0.0857898	0	
-0.954224	0.215695	0.207203	0	
-0.181991	0.131043	-0.974529	0	
0.500038	-0.0179028	0.294515	1	
-0.23785	-0.967348	-0.0875551	0	
-0.954108	0.215803	0.207623	0	
-0.181949	0.13292	-0.974283	0	
0.500189	-0.0187144	0.294553	1	
-0.238295	-0.967083	-0.0892538	0	
-0.953954	0.215836	0.208295	0	
-0.182174	0.13478	-0.973985	0	
0.500211	-0.0194748	0.294462	1	
-0.238709	-0.966836	-0.0908077	0	
-0.953828	0.215884	0.208822	0	
-0.182293	0.136463	-0.973729	0	
0.500257	-0.0202011	0.294424	1	
-0.239034	-0.966591	-0.0925484	0	
-0.953774	0.215843	0.209109	0	
-0.182147	0.138255	-0.973503	0	
0.500375	-0.0209354	0.294494	1	
-0.239396	-0.966372	-0.0938914	0	
-0.953644	0.215871	0.209674	0	
-0.182354	0.139734	-0.973253	0	
0.500421	-0.0215404	0.294426	1	
-0.239885	-0.966127	-0.0951553	0	
-0.953459	0.216021	0.210359	0	
-0.182678	0.141189	-0.972982	0	
0.500515	-0.0222192	0.294338	1	
-0.240218	-0.965923	-0.0963765	0	
-0.953291	0.21601	0.21113	0	
-0.183117	0.142592	-0.972695	0	
0.500506	-0.0228362	0.29417	1	
-0.240614	-0.965676	-0.097845	0	
-0.953217	0.216093	0.211378	0	
-0.182979	0.144128	-0.972495	0	
0.500636	-0.0235801	0.294248	1	
-0.240897	-0.965448	-0.099393	0	
-0.953148	0.216028	0.211756	0	
-0.182967	0.145748	-0.972255	0	
0.500679	-0.0243375	0.294251	1	
-0.24108	-0.965242	-0.100938	0	
-0.953095	0.215859	0.212169	0	
-0.183006	0.147353	-0.972006	0	
0.5006	-0.0250495	0.294203	1	
-0.241238	-0.965027	-0.102603	0	
-0.953074	0.215661	0.212464	0	
-0.182906	0.149043	-0.971767	0	
0.500532	-0.025762	0.294196	1	
-0.24142	-0.964803	-0.104262	0	
-0.953055	0.215493	0.212716	0	
-0.182761	0.150721	-0.971536	0	
0.500465	-0.0264996	0.294193	1	
-0.241641	-0.964574	-0.105865	0	
-0.953083	0.215422	0.212663	0	
-0.182324	0.152287	-0.971374	0	
0.500549	-0.0272396	0.294315	1	
-0.24199	-0.964305	-0.107502	0	
-0.953028	0.215424	0.21291	0	
-0.182152	0.153975	-0.97114	0	
0.500466	-0.0280345	0.294312	1	
-0.242252	-0.964053	-0.109158	0	
-0.953031	0.215371	0.212949	0	
-0.181785	0.155618	-0.970947	0	
0.500426	-0.0287986	0.294332	1	
-0.242519	-0.963808	-0.110721	0	
-0.952986	0.215301	0.213223	0	
-0.181667	0.157226	-0.97071	0	
0.500321	-0.0295516	0.294295	1	
-0.242652	-0.963597	-0.112252	0	
-0.953001	0.215133	0.213322	0	
-0.181407	0.15874	-0.970512	0	
0.500235	-0.0303038	0.294244	1	
-0.242899	-0.963328	-0.114011	0	
-0.952995	0.215032	0.213451	0	
-0.181108	0.160499	-0.970278	0	
0.500054	-0.0310644	0.294213	1	
-0.24316	-0.96304	-0.115876	0	
-0.952983	0.214916	0.213623	0	
-0.180824	0.162372	-0.97002	0	
0.499951	-0.0319483	0.294213	1	
-0.243423	-0.962747	-0.117741	0	
-0.95302	0.214849	0.213527	0	
-0.180276	0.164187	-0.969816	0	
0.499804	-0.0327978	0.294276	1	
-0.243612	-0.962483	-0.119499	0	
-0.95307	0.214732	0.21342	0	
-0.179753	0.165883	-0.969625	0	
0.499637	-0.0335619	0.294342	1	
-0.243776	-0.96221	-0.121345	0	
-0.953132	0.214577	0.213298	0	
-0.1792	0.167655	-0.969422	0	
0.499473	-0.0343696	0.294407	1	
-0.243831	-0.961983	-0.123029	0	
-0.95322	0.214352	0.213133	0	
-0.178659	0.169242	-0.969246	0	
0.499329	-0.0350933	0.29448	1	
-0.243865	-0.961737	-0.124865	0	
-0.953344	0.214106	0.212823	0	
-0.177945	0.17094	-0.96908	0	
0.499168	-0.0358885	0.29462	1	
-0.243928	-0.961495	-0.126594	0	
-0.953441	0.213893	0.212604	0	
-0.17734	0.17256	-0.968903	0	
0.498978	-0.0366641	0.29471	1	
-0.24397	-0.961283	-0.128113	0	
-0.953488	0.213654	0.212632	0	
-0.177028	0.17403	-0.968697	0	
0.498671	-0.0374609	0.294663	1	
-0.244119	-0.961006	-0.129894	0	
-0.953544	0.213495	0.212541	0	
-0.176522	0.175745	-0.96848	0	
0.498393	-0.0382943	0.294685	1	
-0.244242	-0.960721	-0.131763	0	
-0.953634	0.213322	0.212309	0	
-0.175861	0.177508	-0.968279	0	
0.49813	-0.0391802	0.294767	1	
-0.244312	-0.960444	-0.133637	0	
-0.953734	0.213095	0.212092	0	
-0.175225	0.179271	-0.968069	0	
0.497809	-0.0400377	0.294839	1	
-0.244536	-0.960133	-0.135452	0	
-0.953791	0.213027	0.2119	0	
-0.174597	0.18101	-0.967859	0	
0.497464	-0.0409498	0.294896	1	
-0.244754	-0.95984	-0.13712	0	
-0.953816	0.212951	0.211868	0	
-0.174159	0.182643	-0.967631	0	
0.497039	-0.0418099	0.294867	1	
-0.244959	-0.959518	-0.139	0	
-0.953989	0.212973	0.211061	0	
-0.172914	0.184306	-0.967539	0	
0.496772	-0.0427566	0.295031	1	
-0.245173	-0.959154	-0.141115	0	
-0.954116	0.212907	0.210557	0	
-0.171912	0.186262	-0.967343	0	
0.496406	-0.0436906	0.295157	1	
-0.245383	-0.958795	-0.143173	0	
-0.954252	0.212865	0.209978	0	
-0.17085	0.188149	-0.967166	0	
0.496038	-0.044605	0.295271	1	
-0.24572	-0.958413	-0.14514	0	
-0.954365	0.212979	0.209352	0	
-0.169734	0.189958	-0.967009	0	
0.495688	-0.0455571	0.295358	1	
-0.245946	-0.958039	-0.147216	0	
-0.954476	0.212933	0.208889	0	
-0.168776	0.19189	-0.966795	0	
0.495336	-0.0465263	0.295421	1	
-0.246169	-0.957655	-0.149324	0	
-0.954592	0.212886	0.208408	0	
-0.167794	0.193847	-0.966576	0	
0.494991	-0.0475253	0.295473	1	
-0.246243	-0.957333	-0.151254	0	
-0.95472	0.212707	0.208005	0	
-0.166958	0.195625	-0.966362	0	
0.494648	-0.0484369	0.295481	1	
-0.246316	-0.957	-0.153229	0	
-0.954867	0.212544	0.207494	0	
-0.166004	0.197422	-0.966161	0	
0.494397	-0.0493885	0.295546	1	
-0.2465	-0.956656	-0.15507	0	
-0.954958	0.212487	0.207133	0	
-0.165205	0.199144	-0.965945	0	
0.494136	-0.0502746	0.295554	1	
-0.246766	-0.95627	-0.157014	0	
-0.955012	0.21247	0.206901	0	
-0.164493	0.201006	-0.96568	0	
0.493845	-0.0512304	0.295548	1	
-0.246964	-0.955898	-0.158961	0	
-0.95504	0.212334	0.206912	0	
-0.164034	0.202914	-0.965359	0	
0.493531	-0.0522029	0.295415	1	
-0.247084	-0.955493	-0.161188	0	
-0.955139	0.212129	0.206667	0	
-0.163276	0.205021	-0.965042	0	
0.493297	-0.0531916	0.295408	1	
-0.247081	-0.955088	-0.163579	0	
-0.955298	0.211808	0.20626	0	
-0.162349	0.20723	-0.964727	0	
0.493127	-0.0542284	0.295469	1	
-0.247192	-0.954705	-0.165634	0	
-0.955359	0.211587	0.206202	0	
-0.161816	0.209211	-0.964389	0	
0.492898	-0.0552432	0.295352	1	
-0.247337	-0.954295	-0.167768	0	
-0.955471	0.211459	0.205814	0	
-0.160931	0.211203	-0.964103	0	
0.492801	-0.0562709	0.2954	1	
-0.247402	-0.95387	-0.170069	0	
-0.955546	0.211146	0.205788	0	
-0.160386	0.213422	-0.963705	0	
0.492548	-0.0573116	0.295269	1	
-0.247394	-0.953423	-0.172572	0	
-0.955719	0.210828	0.205313	0	
-0.159367	0.215724	-0.963361	0	
0.492462	-0.0583739	0.295343	1	
-0.247374	-0.953032	-0.174749	0	
-0.955874	0.210545	0.204878	0	
-0.158463	0.21772	-0.963062	0	
0.492378	-0.0593299	0.295406	1	
-0.247506	-0.952662	-0.176568	0	
-0.95597	0.21046	0.204518	0	
-0.157676	0.219413	-0.962806	0	
0.492304	-0.060171	0.295456	1	
-0.247484	-0.952383	-0.178098	0	
-0.956088	0.210268	0.204165	0	
-0.156995	0.220805	-0.962599	0	
0.492236	-0.0609173	0.295503	1	
-0.247539	-0.952121	-0.179415	0	
-0.956172	0.210176	0.203865	0	
-0.156396	0.222016	-0.962418	0	
0.492168	-0.0615997	0.295538	1	
-0.247578	-0.951828	-0.180912	0	
-0.956265	0.21004	0.203569	0	
-0.155764	0.223399	-0.962201	0	
0.492107	-0.062245	0.295582	1	
-0.247582	-0.951559	-0.182316	0	
-0.956214	0.209671	0.204189	0	
-0.156072	0.224886	-0.961804	0	
0.491803	-0.0627741	0.295375	1	
-0.247654	-0.951341	-0.18335	0	
-0.956261	0.209613	0.204028	0	
-0.155668	0.225858	-0.961642	0	
0.491751	-0.0633051	0.295365	1	
-0.247682	-0.951125	-0.184433	0	
-0.956331	0.20952	0.203793	0	
-0.15519	0.226855	-0.961485	0	
0.491706	-0.0638237	0.295395	1	
-0.247766	-0.950912	-0.185416	0	
-0.956346	0.209442	0.203805	0	
-0.154967	0.227818	-0.961293	0	
0.491669	-0.0643823	0.295298	1	
-0.247861	-0.950643	-0.186661	0	
-0.956323	0.209268	0.204091	0	
-0.154956	0.229094	-0.960991	0	
0.491576	-0.0649993	0.295152	1	
-0.247939	-0.950329	-0.188153	0	
-0.956365	0.209115	0.20405	0	
-0.154569	0.230534	-0.960709	0	
0.491619	-0.0657174	0.295129	1	
-0.247975	-0.950018	-0.189667	0	
-0.956348	0.208812	0.204441	0	
-0.154618	0.232084	-0.960328	0	
0.491494	-0.066404	0.294888	1	
-0.247968	-0.949732	-0.191105	0	
-0.956412	0.20859	0.204366	0	
-0.154231	0.233451	-0.960059	0	
0.49158	-0.0671448	0.29495	1	
-0.248069	-0.949407	-0.192583	0	
-0.956428	0.20843	0.204455	0	
-0.153971	0.234911	-0.959745	0	
0.491661	-0.0678663	0.294882	1	
-0.248234	-0.949117	-0.193797	0	
-0.956411	0.208364	0.204604	0	
-0.153813	0.236139	-0.959469	0	
0.49169	-0.0684994	0.294783	1	
-0.248399	-0.948855	-0.194864	0	
-0.956373	0.208298	0.20485	0	
-0.153783	0.237247	-0.9592	0	
0.491708	-0.0691258	0.29459	1	
-0.248503	-0.948505	-0.196431	0	
-0.956386	0.20812	0.204967	0	
-0.153531	0.238798	-0.958855	0	
0.491749	-0.0698709	0.294583	1	
-0.248824	-0.948165	-0.19766	0	
-0.956311	0.208171	0.205268	0	
-0.153481	0.2401	-0.958538	0	
0.491758	-0.0704639	0.294425	1	
-0.249019	-0.947883	-0.198763	0	
-0.956274	0.208137	0.205472	0	
-0.153393	0.241239	-0.958266	0	
0.49174	-0.0709838	0.294291	1	
-0.249368	-0.947533	-0.199991	0	
-0.956218	0.208255	0.205613	0	
-0.153176	0.242508	-0.957981	0	
0.491752	-0.0715236	0.294187	1	
-0.249787	-0.947206	-0.201017	0	
-0.956132	0.208466	0.205798	0	
-0.153028	0.243605	-0.957726	0	
0.491751	-0.072049	0.294029	1	
-0.250218	-0.946865	-0.202082	0	
-0.956064	0.208713	0.205863	0	
-0.152748	0.244714	-0.957488	0	
0.491684	-0.0726047	0.293914	1	
-0.250636	-0.946514	-0.203206	0	
-0.955995	0.208927	0.205968	0	
-0.152496	0.245887	-0.957228	0	
0.491628	-0.0730721	0.293774	1	
-0.251117	-0.946131	-0.204393	0	
-0.955959	0.20927	0.205787	0	
-0.151928	0.247068	-0.957014	0	
0.491575	-0.0735758	0.293787	1	
-0.251442	-0.945895	-0.205085	0	
-0.955935	0.209525	0.205641	0	
-0.151544	0.247755	-0.956897	0	
0.491521	-0.0739811	0.293791	1	
-0.25193	-0.94559	-0.205889	0	
-0.955842	0.209869	0.20572	0	
-0.151317	0.248624	-0.956707	0	
0.491406	-0.0742884	0.293702	1	
-0.252296	-0.945373	-0.206438	0	
-0.955778	0.210147	0.205733	0	
-0.151112	0.249215	-0.956586	0	
0.491317	-0.0745805	0.293637	1	
-0.252866	-0.945092	-0.207026	0	
-0.95567	0.210627	0.205745	0	
-0.150843	0.249875	-0.956457	0	
0.491176	-0.0748064	0.293393	1	
-0.253387	-0.944833	-0.20757	0	
-0.955573	0.211067	0.205744	0	
-0.150583	0.250481	-0.956339	0	
0.49101	-0.0751724	0.293183	1	
-0.253898	-0.944447	-0.2087	0	
-0.955472	0.211361	0.205911	0	
-0.150361	0.251688	-0.956057	0	
0.490802	-0.0755867	0.292997	1	
-0.254217	-0.944152	-0.209644	0	
-0.955485	0.211618	0.205589	0	
-0.149743	0.252575	-0.95592	0	
0.490714	-0.0759894	0.292882	1	
-0.25466	-0.94383	-0.210556	0	
-0.955422	0.211931	0.205556	0	
-0.149386	0.253516	-0.955727	0	
0.490553	-0.0763776	0.292719	1	
-0.255152	-0.943485	-0.211505	0	
-0.955363	0.21231	0.20544	0	
-0.148925	0.254482	-0.955542	0	
0.490369	-0.0767782	0.292575	1	
-0.255629	-0.943161	-0.212368	0	
-0.955282	0.21265	0.205464	0	
-0.148626	0.255394	-0.955345	0	
0.490153	-0.077157	0.292315	1	
-0.256105	-0.942772	-0.213521	0	
-0.955228	0.212974	0.205383	0	
-0.148155	0.256561	-0.955106	0	
0.490001	-0.0775603	0.292169	1	
-0.256608	-0.942412	-0.214503	0	
-0.955173	0.213371	0.205226	0	
-0.147639	0.25755	-0.954919	0	
0.489796	-0.0779211	0.292065	1	
-0.25703	-0.942134	-0.215218	0	
-0.955164	0.213795	0.204827	0	
-0.146962	0.258215	-0.954844	0	
0.489642	-0.0783073	0.291998	1	
-0.257501	-0.941807	-0.216086	0	
-0.955145	0.214239	0.204451	0	
-0.146259	0.25904	-0.954729	0	
0.48951	-0.0785896	0.291913	1	
-0.258033	-0.941489	-0.216834	0	
-0.955057	0.214677	0.204401	0	
-0.145892	0.259831	-0.95457	0	
0.489389	-0.0788424	0.291762	1	
-0.258472	-0.941233	-0.217421	0	
-0.954998	0.215066	0.20427	0	
-0.145506	0.260435	-0.954464	0	
0.48917	-0.0790636	0.291578	1	
-0.258847	-0.940916	-0.218346	0	
-0.955019	0.21544	0.203773	0	
-0.144693	0.261271	-0.954359	0	
0.489028	-0.0792578	0.291588	1	
-0.259316	-0.940663	-0.21888	0	
-0.95497	0.215906	0.20351	0	
-0.144177	0.261797	-0.954293	0	
0.488819	-0.0794612	0.291461	1	
-0.25954	-0.940539	-0.219145	0	
-0.954991	0.216207	0.203094	0	
-0.143637	0.261992	-0.954321	0	
0.488654	-0.0795574	0.291393	1	
-0.259954	-0.94027	-0.219811	0	
-0.954953	0.21659	0.202862	0	
-0.143136	0.262644	-0.954217	0	
0.488473	-0.07968	0.291249	1	
-0.260182	-0.940049	-0.220485	0	
-0.954998	0.216855	0.20237	0	
-0.142424	0.263215	-0.954166	0	
0.488314	-0.0798386	0.291195	1	
-0.260457	-0.939901	-0.220789	0	
-0.955004	0.217198	0.201971	0	
-0.141878	0.263459	-0.95418	0	
0.4881	-0.0799308	0.291086	1	
-0.260878	-0.939632	-0.221438	0	
-0.954979	0.217622	0.201631	0	
-0.141269	0.26407	-0.954102	0	
0.487919	-0.0800624	0.290968	1	
-0.261082	-0.939438	-0.222019	0	
-0.95501	0.217851	0.201239	0	
-0.140684	0.26457	-0.95405	0	
0.487601	-0.0801914	0.290821	1	
-0.261241	-0.939257	-0.222596	0	
-0.95506	0.218053	0.200782	0	
-0.140048	0.265045	-0.954011	0	
0.487418	-0.080328	0.290696	1	
-0.261551	-0.939016	-0.223249	0	
-0.955081	0.218407	0.200295	0	
-0.139321	0.265609	-0.953961	0	
0.487239	-0.0804651	0.290661	1	
-0.261878	-0.938784	-0.22384	0	
-0.955095	0.218785	0.199815	0	
-0.13861	0.266116	-0.953923	0	
0.487011	-0.0805853	0.290573	1	
-0.262108	-0.93863	-0.224219	0	
-0.955132	0.219112	0.199281	0	
-0.137922	0.266392	-0.953946	0	
0.486749	-0.0806555	0.290502	1	
-0.262267	-0.93847	-0.2247	0	
-0.955215	0.219404	0.198562	0	
-0.137044	0.266713	-0.953983	0	
0.486537	-0.0808247	0.290509	1	
