camera velocity
-0.00585689	-0.00122073	0.000857914	-0.00222151	0.00394116	0.00176041	
-0.00574309	-0.00120157	0.000907882	-0.00221815	0.00373833	0.00188643	
-0.00574402	-0.00176306	0.00115778	-0.00312842	0.00361119	0.00232311	
-0.00555638	-0.00227623	0.00142707	-0.00398922	0.00317632	0.00275612	
-0.00581057	-0.00307864	0.00166303	-0.00526336	0.00340836	0.0031063	
-0.00569025	-0.00257306	0.00179223	-0.00463577	0.0032388	0.00381577	
-0.00506542	-0.00111774	0.00156492	-0.00249027	0.00267461	0.00340412	
-0.00437911	-0.000421226	0.00131951	-0.001389	0.00210328	0.00271479	
-0.00409924	4.55655e-06	0.00131566	-0.000745424	0.00198205	0.00220531	
-0.00362959	0.000658627	0.000954418	0.000374339	0.00176746	0.00143189	
-0.00338705	0.00100834	0.000705365	0.00102217	0.00175178	0.000844488	
-0.00319345	0.0012234	0.000503937	0.00145128	0.00178344	0.000424818	
-0.00310788	0.00141256	0.000340474	0.00181405	0.00191821	4.43589e-05	
-0.00301308	0.00150922	0.000255506	0.002004	0.00197034	-0.000151958	
-0.00288649	0.00167011	0.000142753	0.00228704	0.00196816	-0.000354171	
-0.00283031	0.00167627	5.99291e-05	0.00235502	0.00204496	-0.000474489	
-0.00271382	0.00178847	2.12567e-05	0.00255945	0.00201979	-0.000579537	
-0.00262683	0.00184157	-3.60616e-06	0.00267383	0.00202433	-0.00062876	
-0.00251475	0.00187763	-2.93903e-05	0.00275543	0.00198965	-0.000673692	
-0.00241063	0.00186396	-7.30674e-05	0.00276715	0.0019721	-0.000691113	
-0.00230661	0.00189691	-4.75334e-05	0.00281228	0.00191446	-0.000705233	
-0.00213434	0.00175374	1.13946e-05	0.00260312	0.00171578	-0.000679842	
-0.00185231	0.00125869	0.0003558	0.00175868	0.00118942	-0.000722343	
-0.0024749	0.00105297	0.000370543	0.00141597	0.00217603	-0.000515612	
0.000829074	0.00111988	0.00177059	0.000956685	-0.00319203	0.000502658	
0.000769052	0.00115895	0.00166483	0.00105145	-0.00294521	0.000651647	
0.000500502	0.00117616	0.00162922	0.00102863	-0.00247896	0.000862179	
0.000840733	0.00103323	0.00159535	0.000899087	-0.00287191	0.000520754	
0.000904558	0.00118295	0.00151481	0.00115313	-0.00287069	0.000479807	
0.000905623	0.00137636	0.00141217	0.00146862	-0.00277003	0.000488896	
0.000975052	0.00151908	0.00143653	0.00167614	-0.00283465	0.000557207	
0.000687069	0.0015826	0.00127269	0.00183846	-0.00230398	0.000585693	
0.000744137	0.00155884	0.00127431	0.00179916	-0.00234082	0.000562547	
0.000700074	0.00163089	0.00121919	0.00196312	-0.0022175	0.000499293	
0.000646379	0.00165287	0.00116052	0.00204215	-0.0020678	0.000475801	
0.000592561	0.00170726	0.00112414	0.00213979	-0.00192866	0.000442267	
0.000466402	0.00163731	0.00103054	0.00210177	-0.00167868	0.000357279	
0.000355242	0.00160738	0.000938044	0.00212579	-0.00144782	0.000277685	
0.000301691	0.00153711	0.000885988	0.00206346	-0.00130766	0.000225689	
0.000241631	0.00148659	0.000844934	0.00200689	-0.0011627	0.000218641	
0.00019927	0.00141907	0.000780777	0.0019576	-0.00105178	0.000227934	
0.000135357	0.00137866	0.000739335	0.00193392	-0.000922866	0.000218991	
8.34647e-05	0.00132593	0.000685123	0.00189455	-0.000812539	0.0001921	
9.00171e-06	0.00128711	0.000640688	0.00185638	-0.000650072	0.000174276	
-2.53318e-06	0.00116766	0.000560587	0.00171569	-0.000573551	0.000155598	
-4.406e-05	0.00110734	0.000515693	0.00165417	-0.000475493	0.000140106	
-6.75063e-05	0.00104422	0.000480708	0.00158766	-0.00040699	0.000122507	
-5.65982e-05	0.00102104	0.000448144	0.00158326	-0.000388689	9.9229e-05	
-5.97565e-05	0.000990896	0.000421405	0.00156107	-0.000355311	5.82562e-05	
-5.66528e-05	0.000924863	0.000399002	0.00146335	-0.000325009	5.4851e-05	
-7.3803e-05	0.000867739	0.00039355	0.00137542	-0.000277442	2.78908e-05	
-5.34226e-05	0.000771089	0.000348325	0.0012335	-0.000276019	3.83271e-05	
-5.35342e-05	0.000753257	0.000347514	0.00120753	-0.000249139	4.63925e-05	
-6.12181e-05	0.000725389	0.00033225	0.00118138	-0.000217767	3.77581e-05	
-6.29509e-05	0.000694286	0.000318701	0.00114667	-0.000199367	2.20983e-05	
-4.6587e-05	0.000611245	0.000266459	0.00104349	-0.000204142	3.04096e-05	
-3.9688e-05	0.000580453	0.000251831	0.00100157	-0.000198568	2.0337e-05	
-0.000136366	0.000546787	0.000236971	0.000947146	-2.90783e-05	3.30267e-05	
-4.43044e-05	0.000522733	0.000233618	0.000912057	-0.00014372	2.80603e-05	
-3.02419e-05	0.000494461	0.000206886	0.000882066	-0.000137342	3.83847e-05	
-2.1228e-05	0.000449991	0.000199689	0.000798521	-0.000123833	3.32872e-05	
-2.60663e-05	0.000423637	0.000189572	0.000755559	-0.000110257	2.59553e-05	
-9.40911e-06	0.000387843	0.000169602	0.00069422	-0.000135022	2.03436e-05	
-9.80926e-06	0.000355496	0.000158788	0.000644061	-0.000128647	1.15151e-05	
2.81301e-06	0.000302863	0.000139992	0.000556697	-0.000128302	2.11113e-05	
5.03742e-07	0.000284447	0.000132368	0.000532217	-0.00011842	1.55708e-05	
1.22975e-06	0.000260629	0.000125801	0.000494111	-0.000111884	1.92741e-05	
1.67371e-05	0.000245572	0.000114014	0.000469956	-0.000121452	3.38422e-05	
-3.52148e-05	0.000200239	9.00043e-05	0.000407658	-2.65796e-05	3.739e-05	
-4.18114e-05	0.000191688	9.37605e-05	0.000387606	-5.57753e-06	3.95676e-05	
-1.80819e-05	0.000155977	8.67196e-05	0.00032175	-3.75781e-05	4.52598e-05	
-1.56139e-05	0.000152891	8.67395e-05	0.000314391	-3.17843e-05	4.14139e-05	
-1.24731e-05	0.000137702	7.98794e-05	0.000290085	-3.8927e-05	3.74339e-05	
-7.97549e-06	0.0001267	7.25248e-05	0.000268834	-4.46331e-05	3.44089e-05	
-7.00677e-06	0.000115823	6.51862e-05	0.000252593	-4.8654e-05	2.40985e-05	
-8.33028e-06	0.000110109	6.01182e-05	0.00024373	-4.07919e-05	2.55336e-05	
3.48852e-06	8.63282e-05	4.36922e-05	0.000208132	-5.06914e-05	2.46145e-05	
6.71047e-06	8.56762e-05	4.78806e-05	0.000194813	-5.62724e-05	1.98671e-05	
4.24612e-06	7.78366e-05	4.47275e-05	0.000179415	-4.98612e-05	1.28493e-05	
1.44926e-06	6.27425e-05	3.06304e-05	0.000165625	-3.23232e-05	1.26317e-05	
-2.85451e-06	7.31053e-05	4.35226e-05	0.000168355	-3.39873e-05	1.30092e-05	
8.6203e-06	5.71875e-05	3.00348e-05	0.00014271	-4.17705e-05	9.04202e-06	
1.00126e-05	5.42567e-05	3.23586e-05	0.000132797	-3.55591e-05	8.94704e-06	
7.06261e-06	4.9722e-05	2.63744e-05	0.000118911	-4.29074e-05	3.9957e-06	
6.5603e-06	4.29847e-05	2.18311e-05	0.000109732	-2.88629e-05	8.51674e-06	
-6.50343e-06	5.51162e-05	3.24257e-05	0.000123126	-4.15338e-06	-9.8462e-07	
-6.33808e-06	3.28236e-05	2.09386e-05	8.33496e-05	-1.48639e-06	1.0808e-05	
-5.09638e-06	3.30852e-05	2.80583e-05	8.40626e-05	8.68595e-06	1.29574e-05	
-2.58418e-06	3.43193e-05	2.46499e-05	7.76369e-05	-1.69382e-05	5.63432e-06	
5.51268e-06	3.46981e-05	2.42275e-05	8.09488e-05	-2.14594e-05	5.10563e-06	
3.98356e-06	3.1749e-05	2.39645e-05	7.72342e-05	-1.64161e-05	-4.9406e-06	
9.38139e-07	1.41467e-05	1.08217e-05	4.39608e-05	1.98529e-07	4.11894e-06	
-8.95444e-07	2.9881e-05	2.0605e-05	7.70383e-05	9.33349e-06	3.41055e-06	
1.40666e-06	2.53671e-05	1.60086e-05	6.7749e-05	7.77825e-06	1.35045e-06	
-2.04964e-06	1.89755e-05	1.84815e-05	4.15217e-05	-1.11046e-05	-4.95359e-07	
camera pose
-0.0967066	-0.98107	-0.16778	0.552426	
-0.992315	0.0819613	0.0927025	-0.128494	
-0.0771961	0.175455	-0.981456	0.585521	
0	0	0	1	
-0.0966979	-0.981072	-0.167773	0.552426	
-0.992315	0.0819525	0.0927054	-0.12849	
-0.0772012	0.175448	-0.981457	0.585526	
0	0	0	1	
-0.0972714	-0.980319	-0.171795	0.555485	
-0.992752	0.0833299	0.0865949	-0.117475	
-0.070575	0.178973	-0.981319	0.584436	
0	0	0	1	
-0.0994414	-0.979209	-0.176808	0.558587	
-0.993035	0.0863766	0.0801326	-0.106667	
-0.0631945	0.183545	-0.980978	0.582691	
0	0	0	1	
-0.102626	-0.977693	-0.183262	0.562441	
-0.993203	0.0905441	0.0731406	-0.0965932	
-0.0549158	0.189522	-0.98034	0.580332	
0	0	0	1	
-0.106583	-0.975659	-0.19165	0.567463	
-0.993171	0.0952688	0.0673369	-0.0860256	
-0.0474396	0.197519	-0.979151	0.576916	
0	0	0	1	
-0.111705	-0.97263	-0.203748	0.574665	
-0.992986	0.101255	0.0610437	-0.0738456	
-0.0387424	0.209138	-0.977118	0.572027	
0	0	0	1	
-0.117649	-0.969856	-0.213398	0.580251	
-0.992571	0.108138	0.0557488	-0.0632868	
-0.0309918	0.218371	-0.975373	0.567422	
0	0	0	1	
-0.122766	-0.967889	-0.219359	0.582612	
-0.992127	0.114179	0.0514554	-0.0541593	
-0.0247569	0.223949	-0.974286	0.564195	
0	0	0	1	
-0.127262	-0.966514	-0.222835	0.583883	
-0.991685	0.119662	0.0473429	-0.0452704	
-0.0190928	0.227007	-0.973706	0.56153	
0	0	0	1	
-0.130412	-0.96521	-0.226633	0.584652	
-0.991354	0.123605	0.0440348	-0.037476	
-0.0144899	0.230416	-0.972984	0.558149	
0	0	0	1	
-0.132358	-0.964963	-0.226558	0.583901	
-0.991141	0.12632	0.0410117	-0.0302489	
-0.0109558	0.229979	-0.973134	0.556735	
0	0	0	1	
-0.133057	-0.965266	-0.224851	0.582517	
-0.991082	0.127939	0.0372522	-0.023007	
-0.00719117	0.227802	-0.973681	0.556085	
0	0	0	1	
-0.133204	-0.965688	-0.222943	0.580905	
-0.991083	0.129006	0.0333581	-0.0167792	
-0.00345254	0.225398	-0.974261	0.555804	
0	0	0	1	
-0.132638	-0.9665	-0.219738	0.578848	
-0.991165	0.129369	0.0292647	-0.0102976	
0.000142954	0.221679	-0.97512	0.556172	
0	0	0	1	
-0.131496	-0.967288	-0.216941	0.57684	
-0.991311	0.129075	0.0253583	-0.00435913	
0.00347283	0.21839	-0.975855	0.556496	
0	0	0	1	
-0.130007	-0.968352	-0.213058	0.57428	
-0.991487	0.128536	0.0208015	0.00196454	
0.00724241	0.213948	-0.976818	0.557247	
0	0	0	1	
-0.128154	-0.969563	-0.208623	0.571682	
-0.991689	0.127699	0.0157049	0.00833467	
0.011414	0.208901	-0.97787	0.558229	
0	0	0	1	
-0.126339	-0.970694	-0.204429	0.569003	
-0.991875	0.126707	0.0113417	0.0140929	
0.0148933	0.204201	-0.978816	0.55921	
0	0	0	1	
-0.124346	-0.971893	-0.199904	0.566188	
-0.992067	0.125529	0.00679541	0.0197917	
0.0184894	0.199163	-0.979792	0.560243	
0	0	0	1	
-0.122196	-0.973143	-0.195092	0.563124	
-0.992254	0.124213	0.00190764	0.025449	
0.0223766	0.193814	-0.980783	0.561343	
0	0	0	1	
-0.120055	-0.974427	-0.189943	0.559922	
-0.992428	0.122797	-0.00269024	0.031195	
0.0259459	0.188181	-0.981792	0.562596	
0	0	0	1	
-0.118039	-0.975632	-0.184957	0.556818	
-0.992574	0.121436	-0.0071057	0.0363488	
0.0293929	0.182745	-0.982721	0.563689	
0	0	0	1	
-0.115766	-0.976865	-0.179813	0.553712	
-0.992727	0.119811	-0.0117599	0.0415869	
0.0330314	0.177144	-0.98363	0.564613	
0	0	0	1	
-0.11401	-0.977648	-0.176654	0.551463	
-0.992858	0.118413	-0.0145521	0.0457724	
0.0351449	0.173733	-0.984165	0.564496	
0	0	0	1	
-0.112311	-0.978225	-0.174535	0.549969	
-0.992919	0.117323	-0.0186367	0.0506435	
0.0387078	0.171206	-0.984475	0.564229	
0	0	0	1	
-0.11435	-0.978447	-0.171944	0.547215	
-0.992883	0.118358	-0.0132067	0.0491639	
0.033273	0.16921	-0.985018	0.561727	
0	0	0	1	
-0.116628	-0.978651	-0.169236	0.544268	
-0.992786	0.119651	-0.00773589	0.0476532	
0.02782	0.167113	-0.985545	0.559144	
0	0	0	1	
-0.119402	-0.978804	-0.166392	0.541027	
-0.992581	0.121552	-0.00275714	0.0465147	
0.022924	0.164829	-0.986056	0.556474	
0	0	0	1	
-0.121381	-0.978921	-0.164256	0.538243	
-0.992449	0.122628	0.00256805	0.0448815	
0.0176284	0.163328	-0.986414	0.553805	
0	0	0	1	
-0.123372	-0.979201	-0.161074	0.535137	
-0.992287	0.123701	0.0080208	0.0431123	
0.0120711	0.160821	-0.98691	0.551392	
0	0	0	1	
-0.125147	-0.979505	-0.157824	0.531915	
-0.992112	0.124696	0.0127966	0.0415696	
0.00714568	0.15818	-0.987384	0.549428	
0	0	0	1	
-0.126969	-0.979867	-0.154076	0.528352	
-0.991905	0.125728	0.0178118	0.0399673	
0.00191848	0.15509	-0.987898	0.547464	
0	0	0	1	
-0.128589	-0.980234	-0.150355	0.524895	
-0.991696	0.126766	0.0216862	0.0390205	
-0.00219767	0.151895	-0.988394	0.545798	
0	0	0	1	
-0.13051	-0.980658	-0.14587	0.52099	
-0.991422	0.128033	0.0262809	0.0377707	
-0.00709636	0.148048	-0.988955	0.543972	
0	0	0	1	
-0.132235	-0.981063	-0.141522	0.517165	
-0.991155	0.129257	0.030068	0.0366239	
-0.0112059	0.144246	-0.989478	0.542296	
0	0	0	1	
-0.133692	-0.981501	-0.137047	0.513313	
-0.99091	0.130305	0.03344	0.0356572	
-0.0149635	0.140272	-0.99	0.540745	
0	0	0	1	
-0.134924	-0.981981	-0.13232	0.509651	
-0.990683	0.1312	0.0365133	0.0348815	
-0.0184949	0.136014	-0.990534	0.539432	
0	0	0	1	
-0.136016	-0.982376	-0.128207	0.506154	
-0.990471	0.132019	0.0392197	0.0343938	
-0.0216027	0.13232	-0.990972	0.538155	
0	0	0	1	
-0.136962	-0.982789	-0.123964	0.502803	
-0.990278	0.132774	0.0414826	0.0340754	
-0.0243095	0.12844	-0.991419	0.537057	
0	0	0	1	
-0.137748	-0.983221	-0.11959	0.499232	
-0.990104	0.133421	0.0435028	0.0338178	
-0.026817	0.124399	-0.99187	0.53586	
0	0	0	1	
-0.13853	-0.983682	-0.114798	0.495773	
-0.98993	0.134127	0.0452696	0.0337098	
-0.0291334	0.119913	-0.992357	0.534789	
0	0	0	1	
-0.139151	-0.984042	-0.110901	0.492809	
-0.989783	0.134689	0.0467913	0.0337208	
-0.0311074	0.116279	-0.992729	0.533894	
0	0	0	1	
-0.139743	-0.984404	-0.10687	0.489618	
-0.989633	0.135238	0.048338	0.0338686	
-0.0331312	0.112517	-0.993097	0.532877	
0	0	0	1	
-0.140312	-0.984789	-0.102486	0.48658	
-0.989494	0.13583	0.0495079	0.0341033	
-0.0348341	0.108356	-0.993502	0.532095	
0	0	0	1	
-0.140975	-0.985124	-0.0982704	0.483572	
-0.989355	0.136566	0.0502647	0.0343749	
-0.0360965	0.10431	-0.99389	0.531306	
0	0	0	1	
-0.141443	-0.985429	-0.0944692	0.480938	
-0.98925	0.137119	0.0508232	0.0347027	
-0.0371291	0.100642	-0.99423	0.530628	
0	0	0	1	
-0.141751	-0.985696	-0.0911595	0.478685	
-0.989168	0.137499	0.0513826	0.0351432	
-0.0381133	0.0974556	-0.99451	0.530046	
0	0	0	1	
-0.142175	-0.985963	-0.0875412	0.476291	
-0.989068	0.138011	0.0519417	0.0356119	
-0.0391309	0.093969	-0.994806	0.529524	
0	0	0	1	
-0.142306	-0.986238	-0.084167	0.474012	
-0.98902	0.138252	0.0522048	0.0360856	
-0.0398501	0.0906719	-0.995083	0.528959	
0	0	0	1	
-0.142524	-0.986504	-0.0806081	0.471727	
-0.988961	0.138596	0.0524224	0.0365216	
-0.0405429	0.0871897	-0.995366	0.528512	
0	0	0	1	
-0.142858	-0.986773	-0.076626	0.469188	
-0.98888	0.139073	0.0526735	0.0369869	
-0.0413202	0.0832987	-0.995668	0.527939	
0	0	0	1	
-0.142941	-0.987049	-0.0728138	0.466701	
-0.988831	0.139287	0.0530271	0.037563	
-0.0421983	0.0795803	-0.995935	0.52737	
0	0	0	1	
-0.143114	-0.987225	-0.0700369	0.464841	
-0.98878	0.139561	0.0532619	0.0379875	
-0.0428071	0.0768736	-0.996121	0.526878	
0	0	0	1	
-0.143297	-0.9874	-0.0671378	0.462903	
-0.988728	0.139856	0.0534515	0.0383912	
-0.0433884	0.0740405	-0.996311	0.526327	
0	0	0	1	
-0.14344	-0.987598	-0.0638365	0.460976	
-0.988687	0.140144	0.0534503	0.0388133	
-0.0438412	0.0707813	-0.996528	0.525866	
0	0	0	1	
-0.143409	-0.987781	-0.0610132	0.4593	
-0.988673	0.140236	0.053469	0.0392411	
-0.0442595	0.06799	-0.996704	0.525443	
0	0	0	1	
-0.14351	-0.987928	-0.0583297	0.45764	
-0.988638	0.140451	0.053558	0.0395807	
-0.044719	0.065353	-0.99686	0.525028	
0	0	0	1	
-0.143722	-0.98806	-0.0555184	0.456013	
-0.988577	0.140772	0.0538393	0.0398849	
-0.0453809	0.0626221	-0.997005	0.524699	
0	0	0	1	
-0.143873	-0.988167	-0.0531624	0.454558	
-0.98855	0.141044	0.0536154	0.0405076	
-0.0454828	0.0602675	-0.997146	0.52429	
0	0	0	1	
-0.143937	-0.98831	-0.0502456	0.452896	
-0.988521	0.141241	0.0536427	0.0409433	
-0.0459189	0.05739	-0.997295	0.523901	
0	0	0	1	
-0.144035	-0.988418	-0.0477813	0.451425	
-0.98849	0.141453	0.0536448	0.0412155	
-0.0462647	0.0549581	-0.997416	0.523542	
0	0	0	1	
-0.144205	-0.988507	-0.0453714	0.450117	
-0.988458	0.141742	0.0534866	0.0414285	
-0.0464409	0.0525607	-0.997537	0.523219	
0	0	0	1	
-0.144249	-0.988605	-0.0430498	0.448763	
-0.988441	0.1419	0.0533808	0.0417086	
-0.0466637	0.0502522	-0.997646	0.522858	
0	0	0	1	
-0.144241	-0.988695	-0.040941	0.44756	
-0.988416	0.141979	0.0536329	0.0419711	
-0.0472138	0.0482028	-0.997721	0.522563	
0	0	0	1	
-0.144347	-0.988755	-0.039079	0.446431	
-0.988384	0.142169	0.0537156	0.0421583	
-0.0475557	0.0463787	-0.997791	0.522225	
0	0	0	1	
-0.144395	-0.988815	-0.0373444	0.445483	
-0.988356	0.142292	0.0538921	0.0422929	
-0.0479755	0.0446914	-0.997848	0.521981	
0	0	0	1	
-0.144461	-0.988868	-0.0356475	0.444598	
-0.988326	0.142433	0.0540722	0.0424286	
-0.0483929	0.0430427	-0.997901	0.521768	
0	0	0	1	
-0.144698	-0.988882	-0.0342759	0.443757	
-0.988273	0.142728	0.0542697	0.0425059	
-0.0487742	0.0417267	-0.997938	0.521454	
0	0	0	1	
-0.144738	-0.988926	-0.0328136	0.442999	
-0.988247	0.142832	0.0544599	0.042571	
-0.04917	0.0403105	-0.997977	0.521252	
0	0	0	1	
-0.144868	-0.988952	-0.031425	0.442398	
-0.988234	0.143042	0.0541606	0.0427415	
-0.0490672	0.0389014	-0.998038	0.521144	
0	0	0	1	
-0.144947	-0.988976	-0.0302795	0.441822	
-0.988214	0.143178	0.054157	0.0429792	
-0.0492247	0.0377726	-0.998073	0.520978	
0	0	0	1	
-0.145146	-0.988975	-0.029345	0.441339	
-0.988187	0.143429	0.0539814	0.0430795	
-0.0491773	0.0368335	-0.998111	0.520745	
0	0	0	1	
-0.145265	-0.988989	-0.0282616	0.440869	
-0.988167	0.143604	0.0538845	0.0431756	
-0.0492327	0.0357547	-0.998147	0.520611	
0	0	0	1	
-0.145519	-0.988973	-0.0275152	0.440463	
-0.988131	0.143899	0.0537597	0.0432498	
-0.0492075	0.0350116	-0.998175	0.520384	
0	0	0	1	
-0.145456	-0.989004	-0.0267041	0.440028	
-0.988127	0.143872	0.0539067	0.0433416	
-0.049472	0.0342281	-0.998189	0.520232	
0	0	0	1	
-0.145518	-0.989013	-0.0260172	0.439679	
-0.988112	0.143966	0.053929	0.0434637	
-0.0495909	0.0335555	-0.998206	0.520088	
0	0	0	1	
-0.145611	-0.989024	-0.0250679	0.439358	
-0.988094	0.144109	0.0538751	0.0434898	
-0.0496712	0.0326143	-0.998233	0.520058	
0	0	0	1	
-0.145893	-0.988998	-0.0244387	0.439062	
-0.988042	0.144417	0.0540114	0.0434868	
-0.0498878	0.0320263	-0.998241	0.519965	
0	0	0	1	
-0.145967	-0.988995	-0.024139	0.438782	
-0.988013	0.144496	0.0543272	0.0435703	
-0.0502414	0.0317796	-0.998231	0.519784	
0	0	0	1	
-0.145768	-0.989041	-0.0234211	0.438534	
-0.988049	0.144342	0.0540723	0.0435883	
-0.0500991	0.0310233	-0.998262	0.519724	
0	0	0	1	
-0.146029	-0.989014	-0.0229335	0.438353	
-0.987995	0.144619	0.0543289	0.0435405	
-0.0504154	0.0305918	-0.99826	0.519704	
0	0	0	1	
-0.145949	-0.989039	-0.0223763	0.438115	
-0.987997	0.144564	0.0544276	0.0436551	
-0.0505962	0.0300514	-0.998267	0.519644	
0	0	0	1	
-0.146132	-0.989021	-0.0219614	0.437955	
-0.98798	0.144775	0.0541757	0.0435317	
-0.0504015	0.0296142	-0.99829	0.519528	
0	0	0	1	
-0.14607	-0.989036	-0.0216953	0.437773	
-0.987975	0.144719	0.0544147	0.0436228	
-0.0506784	0.0293828	-0.998283	0.51944	
0	0	0	1	
-0.146277	-0.989013	-0.0213483	0.43758	
-0.987929	0.144936	0.0546803	0.043566	
-0.0509854	0.0290891	-0.998276	0.519384	
0	0	0	1	
-0.146043	-0.989058	-0.0208973	0.437432	
-0.987968	0.14473	0.0545258	0.0436349	
-0.0509047	0.0286089	-0.998294	0.519338	
0	0	0	1	
-0.145922	-0.989083	-0.0205368	0.437289	
-0.987967	0.144619	0.0548229	0.0437849	
-0.0512544	0.0282896	-0.998285	0.519334	
0	0	0	1	
-0.146132	-0.989059	-0.0202008	0.437203	
-0.987964	0.144862	0.0542438	0.0436186	
-0.050724	0.0278845	-0.998323	0.519288	
0	0	0	1	
-0.146041	-0.989074	-0.0201228	0.437102	
-0.987974	0.144774	0.0542929	0.0437826	
-0.0507865	0.0278098	-0.998322	0.519148	
0	0	0	1	
-0.146332	-0.989034	-0.0199672	0.436992	
-0.987921	0.145068	0.0544699	0.0437524	
-0.050976	0.0276967	-0.998316	0.519117	
0	0	0	1	
-0.146309	-0.989043	-0.0196778	0.436892	
-0.987909	0.145053	0.0547328	0.0437478	
-0.0512788	0.0274478	-0.998307	0.519109	
0	0	0	1	
-0.146189	-0.989063	-0.0195603	0.436719	
-0.987913	0.144932	0.05497	0.0438574	
-0.0515339	0.0273599	-0.998296	0.519027	
0	0	0	1	
-0.146244	-0.989057	-0.0194706	0.436725	
-0.987904	0.144991	0.0549844	0.0438596	
-0.0515596	0.0272762	-0.998297	0.519033	
0	0	0	1	
-0.146195	-0.989076	-0.0188683	0.436636	
-0.987944	0.144993	0.0542563	0.043758	
-0.0509278	0.0265728	-0.998349	0.519001	
0	0	0	1	
camera desired pose
-0.146044	-0.989055	-0.0210075	0.435997	
-0.987881	0.144677	0.0562195	0.0422674	
-0.0525649	0.0289634	-0.998197	0.517289	
0	0	0	1	
error feature
344.012	
344.987	
328.885	
315.446	
305.293	
292.435	
270.206	
243.932	
219.546	
198.107	
176.995	
157.52	
140.916	
129.319	
118.725	
109.81	
102.28	
95.6081	
89.8719	
83.6623	
79.7425	
75.7757	
71.3825	
70.0555	
65.7365	
59.3501	
53.6484	
50.3315	
44.9265	
40.1075	
38.3776	
33.8469	
31.644	
29.5153	
26.7596	
24.6843	
22.5399	
20.7447	
19.1447	
17.449	
15.9012	
15.017	
14.1604	
12.8379	
11.1315	
10.3526	
9.82374	
9.6898	
9.47908	
8.46809	
6.62713	
5.52049	
5.23911	
5.17002	
5.1006	
4.52454	
4.3387	
3.70872	
3.6719	
2.8832	
2.39838	
2.25163	
1.92921	
1.81912	
1.28143	
1.26512	
1.17763	
0.951692	
0.795006	
0.760315	
0.546954	
0.54363	
0.516195	
0.455565	
0.451615	
0.432714	
0.354617	
0.274203	
0.249053	
0.236331	
0.261419	
0.167399	
0.154863	
0.125738	
0.0998019	
0.138194	
0.0756519	
0.0850843	
0.0613265	
0.0716947	
0.0769862	
0.0366198	
0.0894252	
0.0674055	
0.0458286	
error pixel ave
0.0610122	
0.0610835	
0.0598114	
0.0589495	
0.0584901	
0.0580195	
0.0566965	
0.0548699	
0.0538173	
0.0525932	
0.0511836	
0.0497818	
0.0483686	
0.0470795	
0.0456452	
0.0445431	
0.0436107	
0.0427597	
0.0417719	
0.0405502	
0.0399318	
0.0388872	
0.0378611	
0.0371553	
0.0365068	
0.0354494	
0.0341706	
0.0335076	
0.0323816	
0.0306735	
0.0299975	
0.028855	
0.0281458	
0.0273371	
0.0263566	
0.0256068	
0.0247233	
0.0238536	
0.023022	
0.0221615	
0.0211542	
0.0203319	
0.0196207	
0.0187116	
0.0176176	
0.016835	
0.016132	
0.0154604	
0.014888	
0.014196	
0.0136891	
0.0130047	
0.0124424	
0.0121182	
0.0118416	
0.0113953	
0.0110755	
0.0105244	
0.0099455	
0.00930865	
0.00829468	
0.00801835	
0.00774201	
0.00751946	
0.00658885	
0.00639544	
0.00601131	
0.00553312	
0.00544382	
0.00499927	
0.00440677	
0.00406468	
0.00411013	
0.00388749	
0.00401917	
0.00393731	
0.0036996	
0.00312885	
0.00293195	
0.00316889	
0.00278854	
0.002393	
0.00202738	
0.00179785	
0.00166753	
0.00153404	
0.00112097	
0.00114574	
0.000681792	
0.000736416	
0.000768969	
0.000690523	
0.00126747	
0.0011309	
0.00028939	
order
6	
6	
6	
6	
6	
6	
6	
6	
6	
6	
6	
6	
6	
6	
6	
6	
6	
6	
6	
6	
6	
6	
6	
6	
6	
6	
6	
6	
6	
6	
6	
6	
6	
6	
6	
6	
6	
6	
6	
6	
6	
6	
6	
6	
6	
6	
6	
6	
6	
6	
7	
7	
7	
7	
7	
7	
7	
7	
7	
8	
8	
8	
8	
8	
9	
9	
9	
10	
10	
10	
11	
11	
11	
11	
11	
11	
11	
12	
12	
12	
12	
13	
13	
13	
14	
14	
14	
14	
16	
16	
16	
16	
15	
15	
16	
