camera velocity
-0.00543738	0.0022818	-0.00119433	0.00715757	0.00826626	-0.0109704	
-0.00541276	0.0024352	-0.00120721	0.00751323	0.00816993	-0.0109242	
-0.00657137	0.0004599	-0.00103561	0.0026921	0.011218	-0.00970176	
-0.00781919	-0.0013875	-0.00110438	-0.00166638	0.0141859	-0.00919301	
-0.0069291	-0.00188044	-0.000509649	-0.00310173	0.0122603	-0.00809557	
-0.00577697	-0.00152722	0.000160653	-0.00266297	0.00972163	-0.00701553	
-0.00518755	-0.00132489	0.00013038	-0.00224687	0.00868076	-0.00644229	
-0.00449854	-0.000866601	3.2531e-05	-0.00120274	0.00735173	-0.00600769	
-0.00404216	-0.000464307	-5.40948e-05	-0.000282734	0.00649505	-0.00552242	
-0.00346421	-0.000182551	-4.26778e-06	0.000286692	0.00533958	-0.00501741	
-0.00317429	-0.000392862	0.000173421	-0.000305131	0.00478052	-0.00476848	
-0.00313712	-0.000950037	0.000128124	-0.00159055	0.00489621	-0.00472447	
-0.00298159	-0.00114234	7.48962e-05	-0.00210464	0.0047642	-0.00456525	
-0.0028163	-0.00118013	0.00014679	-0.00227588	0.00449145	-0.00420071	
-0.0023439	-0.00119292	0.000348289	-0.00240832	0.00353195	-0.00387478	
-0.00199487	-0.000987678	0.000365174	-0.00204182	0.00290771	-0.00381775	
-0.00170959	-0.000858219	0.000293317	-0.00173202	0.00240814	-0.0036837	
-0.00179154	-0.00103792	0.000324586	-0.00223176	0.00266984	-0.00348744	
-0.00160689	-0.000913877	0.000249367	-0.00193213	0.00236287	-0.00333866	
-0.00150606	-0.000984877	0.000263477	-0.00215184	0.00222989	-0.00316593	
-0.00129282	-0.000715729	0.000244417	-0.00157288	0.0017897	-0.00305656	
-0.00114822	-0.000741305	0.000323406	-0.00163016	0.00152355	-0.00281814	
-0.000825827	-0.000397168	0.000285647	-0.000833093	0.000842742	-0.00274429	
-0.000754481	-0.000430036	0.000273987	-0.000903008	0.000746856	-0.00259895	
-0.000768793	-0.000545865	0.000253739	-0.00121144	0.000884379	-0.00248588	
-0.000685579	-0.000463502	0.000247108	-0.00104764	0.000742358	-0.00240405	
-0.000575671	-0.000400342	0.000244745	-0.000901745	0.000546997	-0.0023341	
-0.000440866	-0.000335894	0.000246902	-0.0007265	0.000281724	-0.0021814	
-0.000366356	-0.000273968	0.000228364	-0.000607213	0.000158808	-0.00211354	
-0.000378175	-0.000348893	0.000210153	-0.000853138	0.000238527	-0.00208365	
-0.000253482	-0.000460737	0.000260024	-0.00107186	4.1105e-07	-0.00190143	
-0.000200443	-0.000476234	0.000276793	-0.00108676	-9.58226e-05	-0.00177408	
-0.000248181	-0.000441482	0.000247584	-0.00102522	3.32242e-05	-0.00170612	
-0.000228375	-0.000452544	0.000263811	-0.00101992	1.30363e-05	-0.00158489	
-0.00027581	-0.000457983	0.000221167	-0.00109323	0.000183936	-0.00156594	
-0.000249511	-0.000456099	0.000217528	-0.00108312	0.000158223	-0.00146923	
-0.000241437	-0.000465177	0.000205779	-0.00111387	0.000173642	-0.00140212	
-0.000236262	-0.000427373	0.000166622	-0.00105895	0.000200937	-0.0013921	
-0.000186205	-0.000540067	0.000212316	-0.00125937	0.000103019	-0.00122334	
-0.000220945	-0.000503397	0.000192714	-0.0011881	0.000204478	-0.00118228	
-0.000247869	-0.0004436	0.000169516	-0.00108674	0.00029414	-0.00114964	
-0.000187006	-0.00054332	0.000204407	-0.00128769	0.000176555	-0.00104933	
-0.000231211	-0.000449259	0.000148863	-0.00112058	0.000306251	-0.00104648	
-0.000200344	-0.000475898	0.000152888	-0.00116409	0.000256302	-0.000983073	
-0.000197946	-0.000477057	0.000144164	-0.00116864	0.000276134	-0.000928847	
-0.000201243	-0.000386916	0.000101438	-0.000983615	0.000291818	-0.000936317	
-0.000170355	-0.000435127	0.00011051	-0.00109404	0.000252716	-0.000856618	
-0.000193944	-0.000363969	9.46028e-05	-0.000933177	0.000315604	-0.000826111	
3.86865e-05	-0.000435691	0.000123829	-0.00112601	-0.000145898	-0.00103986	
7.75529e-05	-0.000431804	0.000113794	-0.00110154	-0.000220307	-0.000992599	
6.10593e-05	-0.000380539	8.6671e-05	-0.00103305	-0.000161717	-0.000966794	
5.83497e-05	-0.000362414	8.49695e-05	-0.000959633	-0.00014861	-0.000864371	
4.25607e-05	-0.000273435	6.07171e-05	-0.000773571	-0.000108123	-0.000857659	
0.000174721	-0.000145954	2.6848e-05	-0.000464709	-0.000395758	-0.000878528	
0.000212254	-0.000162595	4.58958e-05	-0.000473918	-0.000475068	-0.000805283	
0.000163148	-0.00014557	2.04887e-05	-0.000453981	-0.000350845	-0.000749101	
0.000192774	-0.000168057	9.43002e-06	-0.000532017	-0.000405522	-0.000808312	
0.000148015	-0.000195265	1.34345e-05	-0.000600092	-0.000256793	-0.000695437	
0.000142524	-0.000161505	1.83988e-05	-0.000522929	-0.000233924	-0.000609254	
0.000131007	-0.000138644	1.36244e-05	-0.000475594	-0.000198566	-0.000543508	
0.000104038	-8.38333e-05	-1.23587e-05	-0.000342349	-0.000132901	-0.000466322	
0.000145052	1.60501e-05	1.97374e-05	-5.77061e-05	-0.000250959	-0.000433534	
0.000145778	6.73379e-05	1.75037e-05	5.46026e-05	-0.000254174	-0.000410076	
0.000142325	5.91884e-05	4.09463e-05	5.49935e-05	-0.000263899	-0.000367734	
0.000138537	0.000110083	-5.90804e-06	0.000190126	-0.000262648	-0.000366355	
8.39784e-05	9.80534e-05	-7.81764e-06	0.000196107	-0.000159455	-0.000286143	
7.1134e-05	8.27411e-05	-1.15527e-05	0.000170128	-0.000105713	-0.000238262	
5.19901e-05	5.83844e-05	-2.74947e-06	0.000120943	-5.28431e-05	-0.00020431	
2.01276e-05	4.96506e-05	5.56416e-07	0.000106219	2.78258e-05	-0.000137043	
-8.90278e-06	4.28074e-05	-7.40031e-06	9.1937e-05	7.75996e-05	-0.000109107	
-1.16546e-05	4.30046e-05	-3.2519e-06	0.00010244	6.95188e-05	-7.25623e-05	
-8.27413e-07	3.06087e-05	3.21754e-06	8.22901e-05	3.76669e-05	-5.29413e-05	
camera pose
-0.245823	-0.936805	-0.248933	0	
-0.961144	0.202301	0.187821	0	
-0.125593	0.285432	-0.950134	0	
0.472803	-0.0645989	0.336263	1	
-0.245825	-0.936803	-0.248936	0	
-0.961143	0.202303	0.187822	0	
-0.125592	0.285435	-0.950134	0	
0.472801	-0.0645994	0.336264	1	
-0.237076	-0.940238	-0.244433	0	
-0.963805	0.196046	0.180685	0	
-0.121967	0.278421	-0.952683	0	
0.472347	-0.0598985	0.338967	1	
-0.226859	-0.944084	-0.23925	0	
-0.966844	0.188732	0.172028	0	
-0.117254	0.270344	-0.955597	0	
0.471691	-0.0546181	0.342186	1	
-0.217645	-0.948128	-0.231696	0	
-0.969027	0.181527	0.167433	0	
-0.116689	0.260961	-0.958271	0	
0.472822	-0.0488891	0.344822	1	
-0.208128	-0.952696	-0.221481	0	
-0.970712	0.173409	0.166272	0	
-0.12	0.2496	-0.960885	0	
0.47576	-0.0421148	0.347429	1	
-0.200042	-0.956447	-0.212586	0	
-0.971838	0.16611	0.167149	0	
-0.124556	0.240036	-0.96274	0	
0.478819	-0.0361976	0.348936	1	
-0.192572	-0.959643	-0.204941	0	
-0.972814	0.159321	0.168074	0	
-0.12864	0.231736	-0.964236	0	
0.481471	-0.0306956	0.349757	1	
-0.186267	-0.962182	-0.198773	0	
-0.973623	0.153633	0.168687	0	
-0.131769	0.224951	-0.965419	0	
0.483587	-0.0260934	0.350438	1	
-0.17924	-0.964779	-0.192545	0	
-0.974581	0.147388	0.168725	0	
-0.134403	0.217893	-0.966674	0	
0.485466	-0.0212081	0.351221	1	
-0.174116	-0.966569	-0.188222	0	
-0.975345	0.142957	0.168125	0	
-0.135597	0.212855	-0.967629	0	
0.486515	-0.0176673	0.351902	1	
-0.169297	-0.968138	-0.184521	0	
-0.976116	0.138845	0.167091	0	
-0.136148	0.208402	-0.968521	0	
0.487272	-0.0144426	0.352552	1	
-0.164494	-0.969613	-0.181089	0	
-0.976802	0.134608	0.166549	0	
-0.137112	0.204284	-0.969262	0	
0.488119	-0.0113265	0.352934	1	
-0.159807	-0.97105	-0.177546	0	
-0.977287	0.130271	0.167153	0	
-0.139185	0.200226	-0.969813	0	
0.489457	-0.0083552	0.353144	1	
-0.155021	-0.972474	-0.17396	0	
-0.977684	0.125748	0.168287	0	
-0.14178	0.196166	-0.970267	0	
0.49099	-0.00542121	0.353319	1	
-0.151009	-0.973662	-0.170816	0	
-0.977946	0.121922	0.16958	0	
-0.144288	0.192656	-0.9706	0	
0.492395	-0.00288671	0.353361	1	
-0.147265	-0.974696	-0.16817	0	
-0.978157	0.118299	0.170919	0	
-0.1467	0.189667	-0.970827	0	
0.493714	-0.000755956	0.353188	1	
-0.143811	-0.975565	-0.166105	0	
-0.978348	0.114912	0.172137	0	
-0.148843	0.187264	-0.970968	0	
0.49486	0.00118782	0.35296	1	
-0.140012	-0.97642	-0.164316	0	
-0.978579	0.111161	0.173282	0	
-0.15093	0.185058	-0.971068	0	
0.495945	0.00309911	0.352718	1	
-0.136525	-0.977228	-0.162439	0	
-0.978702	0.107678	0.17478	0	
-0.153309	0.182841	-0.971116	0	
0.497123	0.00493548	0.352423	1	
-0.133682	-0.977847	-0.161071	0	
-0.978818	0.104849	0.175846	0	
-0.155062	0.181167	-0.971151	0	
0.498007	0.00635334	0.352244	1	
-0.130713	-0.978484	-0.159634	0	
-0.978886	0.101854	0.177223	0	
-0.15715	0.179428	-0.971138	0	
0.499049	0.00781425	0.351997	1	
-0.127698	-0.979068	-0.158489	0	
-0.97901	0.0988375	0.178242	0	
-0.158847	0.177923	-0.971139	0	
0.499869	0.00919241	0.351779	1	
-0.125017	-0.979557	-0.1576	0	
-0.979102	0.0961243	0.179221	0	
-0.160408	0.176712	-0.971104	0	
0.500643	0.0103824	0.351498	1	
-0.122297	-0.97995	-0.157297	0	
-0.979298	0.0933881	0.179592	0	
-0.161302	0.176004	-0.971084	0	
0.501111	0.0113743	0.351279	1	
-0.119856	-0.980297	-0.157012	0	
-0.979448	0.0909138	0.180048	0	
-0.162226	0.175365	-0.971046	0	
0.501565	0.0122357	0.351029	1	
-0.117631	-0.98062	-0.156673	0	
-0.979535	0.0886284	0.180711	0	
-0.163323	0.174724	-0.970977	0	
0.502078	0.0130401	0.350787	1	
-0.115584	-0.980906	-0.156411	0	
-0.979621	0.0865295	0.18126	0	
-0.164264	0.174174	-0.970917	0	
0.502511	0.0137475	0.350563	1	
-0.113418	-0.981173	-0.156317	0	
-0.979727	0.084297	0.181737	0	
-0.165138	0.17376	-0.970843	0	
0.502916	0.0144238	0.350335	1	
-0.111663	-0.981365	-0.156379	0	
-0.979827	0.0824807	0.182034	0	
-0.165743	0.173551	-0.970778	0	
0.503217	0.0149033	0.350123	1	
-0.10981	-0.981545	-0.156561	0	
-0.979942	0.0805571	0.182275	0	
-0.166299	0.173436	-0.970703	0	
0.503473	0.0153609	0.349916	1	
-0.108017	-0.981721	-0.156705	0	
-0.980018	0.0786673	0.182694	0	
-0.167027	0.173308	-0.970601	0	
0.503777	0.0158082	0.349703	1	
-0.106461	-0.981849	-0.156969	0	
-0.980041	0.0769618	0.183291	0	
-0.167884	0.17335	-0.970446	0	
0.504175	0.0161259	0.349421	1	
-0.104917	-0.981956	-0.157336	0	
-0.980056	0.0752443	0.183925	0	
-0.168768	0.173495	-0.970266	0	
0.504593	0.0164239	0.349112	1	
-0.10347	-0.982071	-0.157577	0	
-0.980063	0.0736501	0.184531	0	
-0.169617	0.173529	-0.970112	0	
0.504943	0.0167524	0.348831	1	
-0.102112	-0.982169	-0.157851	0	
-0.980048	0.0721243	0.185212	0	
-0.170525	0.173614	-0.969938	0	
0.50534	0.0170325	0.348505	1	
-0.100813	-0.982292	-0.157919	0	
-0.980024	0.070696	0.185889	0	
-0.171433	0.173505	-0.969797	0	
0.50572	0.0173488	0.348235	1	
-0.099479	-0.982409	-0.15804	0	
-0.979997	0.0692189	0.186585	0	
-0.172364	0.17344	-0.969644	0	
0.506125	0.0176767	0.347972	1	
-0.0983067	-0.982515	-0.158112	0	
-0.979957	0.0679135	0.187274	0	
-0.173262	0.173353	-0.969499	0	
0.506505	0.0179768	0.347724	1	
-0.0970536	-0.98263	-0.158176	0	
-0.979912	0.066521	0.188008	0	
-0.17422	0.173246	-0.969347	0	
0.506882	0.0182896	0.347486	1	
-0.09602	-0.982716	-0.158273	0	
-0.979829	0.0653205	0.188862	0	
-0.175259	0.173215	-0.969165	0	
0.507335	0.0185241	0.347195	1	
-0.0950778	-0.982802	-0.158302	0	
-0.979742	0.064229	0.189684	0	
-0.176254	0.17313	-0.969	0	
0.507763	0.0187481	0.346928	1	
-0.0940584	-0.982905	-0.158272	0	
-0.97968	0.063093	0.190386	0	
-0.177145	0.172963	-0.968867	0	
0.508152	0.0190359	0.346718	1	
-0.0931464	-0.982993	-0.15827	0	
-0.979553	0.0620045	0.191394	0	
-0.178326	0.172861	-0.968669	0	
0.508603	0.0192786	0.346388	1	
-0.092237	-0.983083	-0.158242	0	
-0.979477	0.0609753	0.192112	0	
-0.179214	0.172714	-0.968531	0	
0.508972	0.0195457	0.346195	1	
-0.0914366	-0.983168	-0.158177	0	
-0.979367	0.0600382	0.192964	0	
-0.180219	0.172557	-0.968372	0	
0.509371	0.0197535	0.345949	1	
-0.0904433	-0.983271	-0.158105	0	
-0.979266	0.0589091	0.193823	0	
-0.181267	0.172357	-0.968212	0	
0.509813	0.0200463	0.345717	1	
-0.0896845	-0.983356	-0.158011	0	
-0.979169	0.0580371	0.194576	0	
-0.182167	0.17217	-0.968077	0	
0.51016	0.0202331	0.34552	1	
-0.0888587	-0.983442	-0.157944	0	
-0.979068	0.0570879	0.195362	0	
-0.18311	0.171997	-0.96793	0	
0.510545	0.0204611	0.345337	1	
-0.0878934	-0.983558	-0.157762	0	
-0.978957	0.0560068	0.196232	0	
-0.18417	0.171689	-0.967783	0	
0.510972	0.0207374	0.345127	1	
-0.0865056	-0.983626	-0.158101	0	
-0.978842	0.0543787	0.197259	0	
-0.185432	0.17182	-0.967519	0	
0.511428	0.0209048	0.344818	1	
-0.0853138	-0.983654	-0.158574	0	
-0.978693	0.0529	0.198397	0	
-0.186766	0.172121	-0.967209	0	
0.511919	0.0209205	0.34447	1	
-0.0842648	-0.983683	-0.158959	0	
-0.978568	0.0516125	0.199349	0	
-0.187892	0.172351	-0.96695	0	
0.512332	0.0209439	0.344214	1	
-0.083328	-0.983704	-0.159323	0	
-0.97846	0.0504631	0.200174	0	
-0.188872	0.172571	-0.966719	0	
0.512711	0.0209521	0.343991	1	
-0.0822356	-0.983734	-0.159701	0	
-0.978331	0.0491316	0.201134	0	
-0.190016	0.17278	-0.966458	0	
0.513074	0.0209508	0.343718	1	
-0.0810138	-0.983702	-0.160523	0	
-0.978308	0.0476725	0.201597	0	
-0.190658	0.173373	-0.966225	0	
0.513267	0.0208043	0.343569	1	
-0.0800304	-0.983639	-0.161401	0	
-0.978284	0.0464498	0.201997	0	
-0.191195	0.174062	-0.965995	0	
0.513461	0.0205853	0.34341	1	
-0.0788837	-0.983596	-0.16222	0	
-0.97825	0.0450615	0.202476	0	
-0.191844	0.174664	-0.965758	0	
0.513691	0.0204118	0.343266	1	
-0.077584	-0.983528	-0.163258	0	
-0.978178	0.0434363	0.203176	0	
-0.192738	0.175459	-0.965436	0	
0.513981	0.0201297	0.343081	1	
-0.0764765	-0.983492	-0.163995	0	
-0.978063	0.0420334	0.204026	0	
-0.193765	0.176001	-0.965132	0	
0.514304	0.0199348	0.342885	1	
-0.0755472	-0.983465	-0.164586	0	
-0.977946	0.0408449	0.204826	0	
-0.194717	0.17643	-0.964861	0	
0.514546	0.01975	0.342662	1	
-0.0747045	-0.983438	-0.165133	0	
-0.977851	0.0397757	0.205487	0	
-0.195516	0.176827	-0.964627	0	
0.514768	0.0195673	0.342506	1	
-0.0737382	-0.983406	-0.165756	0	
-0.977778	0.038584	0.206061	0	
-0.196246	0.177267	-0.964398	0	
0.514956	0.0194307	0.342429	1	
-0.0727971	-0.983381	-0.166321	0	
-0.977854	0.0375653	0.20589	0	
-0.196221	0.177626	-0.964337	0	
0.514959	0.0191338	0.34241	1	
-0.0720716	-0.983352	-0.166806	0	
-0.977822	0.0366889	0.206199	0	
-0.196646	0.177967	-0.964188	0	
0.514752	0.0188349	0.342147	1	
-0.0711999	-0.98326	-0.16772	0	
-0.977887	0.0356604	0.20607	0	
-0.196639	0.178683	-0.964057	0	
0.514485	0.0184553	0.341957	1	
-0.0702788	-0.983119	-0.168933	0	
-0.978074	0.0346304	0.205359	0	
-0.196042	0.179662	-0.963996	0	
0.514129	0.0181826	0.342031	1	
-0.0697021	-0.983005	-0.169829	0	
-0.978241	0.0340055	0.204664	0	
-0.19541	0.1804	-0.963987	0	
0.51384	0.0180077	0.342143	1	
-0.0690575	-0.982966	-0.170321	0	
-0.978387	0.0333756	0.204073	0	
-0.194913	0.180732	-0.964025	0	
0.513576	0.0178561	0.342245	1	
-0.0684434	-0.982976	-0.170511	0	
-0.978496	0.0328076	0.203638	0	
-0.194577	0.180782	-0.964084	0	
0.513384	0.0177182	0.342272	1	
-0.0681261	-0.982997	-0.170514	0	
-0.978571	0.0325506	0.203321	0	
-0.194314	0.180712	-0.96415	0	
0.513231	0.0176758	0.342288	1	
-0.0677897	-0.983031	-0.170455	0	
-0.978646	0.0322874	0.203002	0	
-0.194053	0.180576	-0.964228	0	
0.513106	0.0176523	0.342371	1	
camera desired pose
-0.0862011	-0.992931	-0.08159	0	
-0.979069	0.0692719	0.191379	0	
-0.184374	0.0963793	-0.978119	0	
0.452023	-0.0439182	0.361654	1	
error feature
90.434	
90.6513	
81.6277	
73.0335	
63.2579	
54.09	
46.6289	
40.1694	
34.6894	
29.9038	
26.3516	
23.3144	
20.6584	
18.2922	
15.718	
14.109	
12.4996	
11.2105	
10.005	
8.78405	
7.93754	
6.82952	
6.08456	
5.33902	
4.6925	
4.24651	
3.84393	
3.40586	
3.04217	
2.75235	
2.3961	
2.16621	
1.94762	
1.81597	
1.56113	
1.39264	
1.24087	
1.11148	
1.0506	
0.931604	
0.80287	
0.791159	
0.643143	
0.595224	
0.528631	
0.476643	
0.413278	
0.376649	
0.441997	
0.432066	
0.327394	
0.304049	
0.251168	
0.194484	
0.216427	
0.160274	
0.163425	
0.225261	
0.210922	
0.18748	
0.16273	
0.159064	
0.103204	
0.103464	
0.0743951	
0.0526732	
0.050238	
0.051866	
0.0416817	
0.0322811	
0.0291463	
0.0322162	
error pixel ave
0.0360929	
0.0361459	
0.0351925	
0.0342832	
0.0326803	
0.031351	
0.0302701	
0.029109	
0.0281219	
0.0272697	
0.0265842	
0.0258768	
0.0252341	
0.0244183	
0.0232943	
0.0226896	
0.0221637	
0.0217561	
0.0212685	
0.0206488	
0.0201385	
0.0194745	
0.0188026	
0.0180304	
0.0173059	
0.016772	
0.0162323	
0.0158048	
0.0153019	
0.0149443	
0.0144963	
0.0140587	
0.0137389	
0.0133341	
0.0129878	
0.0126922	
0.0123772	
0.0120808	
0.0117346	
0.0114693	
0.0111426	
0.0108199	
0.0105285	
0.0102045	
0.00988188	
0.00958474	
0.00916395	
0.0088922	
0.00854174	
0.00810797	
0.00747204	
0.00697904	
0.0065565	
0.00611049	
0.00570175	
0.00529465	
0.0049928	
0.00466205	
0.00449101	
0.00428651	
0.00406757	
0.00382861	
0.00363331	
0.00356659	
0.0024687	
0.00165899	
0.00131321	
0.00129233	
0.00105207	
0.00068311	
0.00050072	
0.000382803	
order
4	
4	
4	
4	
4	
4	
4	
4	
4	
4	
4	
4	
4	
4	
4	
4	
4	
4	
4	
4	
4	
4	
4	
4	
4	
4	
4	
4	
4	
4	
4	
4	
4	
4	
4	
4	
4	
4	
4	
4	
4	
4	
4	
4	
4	
4	
4	
4	
5	
5	
5	
5	
5	
6	
6	
6	
6	
7	
7	
7	
7	
8	
8	
8	
10	
11	
12	
12	
15	
16	
17	
17	
