camera velocity
-0.00917052	6.27225e-05	0.000188991	0.0011714	0.0161877	-0.0102812	
-0.00911882	9.15034e-05	3.98841e-05	0.0012551	0.0161165	-0.0102938	
-0.00777129	-0.00101267	0.000316282	-0.00153174	0.0132473	-0.00946573	
-0.00726376	-0.00136344	0.000108954	-0.00236792	0.0125457	-0.00896418	
-0.00641458	-0.00154819	0.000113012	-0.0029024	0.0109904	-0.00828947	
-0.00554875	-0.00154664	0.000154451	-0.00296968	0.00932079	-0.00772584	
-0.00488117	-0.00149851	0.000161665	-0.00292692	0.00807236	-0.00723852	
-0.00433361	-0.00153569	0.000142786	-0.00306659	0.00710372	-0.00675278	
-0.00380677	-0.00137393	6.52161e-05	-0.00273416	0.00619448	-0.00635729	
-0.00329783	-0.00124259	8.6617e-05	-0.0024896	0.00523998	-0.00585061	
-0.00308143	-0.00106521	8.35608e-05	-0.00209887	0.00491962	-0.00531325	
-0.00265903	-0.000912145	8.02723e-05	-0.00177694	0.00411654	-0.00491576	
-0.00218974	-0.000829228	0.00014948	-0.00163354	0.00317004	-0.00453272	
-0.00217498	-0.000735166	1.08004e-05	-0.00141648	0.00333884	-0.00440528	
-0.00200371	-0.000678727	-1.53671e-06	-0.00130214	0.00307123	-0.00417631	
-0.00167127	-0.000574452	4.49928e-05	-0.00106936	0.00240548	-0.00386476	
-0.00156835	-0.000520859	-2.32221e-06	-0.000957075	0.00228584	-0.00371162	
-0.00152727	-0.00041279	-7.87995e-05	-0.00069766	0.00230234	-0.00364101	
-0.00139738	-0.0004361	-1.22976e-07	-0.000768482	0.00205333	-0.00345657	
-0.00108674	-0.000334543	6.32815e-05	-0.000549777	0.00141094	-0.00312076	
-0.00109535	-0.000277816	-6.06983e-06	-0.00042233	0.00155189	-0.00302361	
-0.000770557	-0.000231568	0.000112453	-0.000348449	0.000824674	-0.00269653	
-0.000815963	-0.000220218	4.44644e-05	-0.000323173	0.00102937	-0.00266024	
-0.000866989	-0.000276295	-2.5801e-05	-0.00046443	0.00124286	-0.0026155	
-0.000558701	-0.000218277	9.39258e-05	-0.000348793	0.000539364	-0.00232101	
-0.000515342	-0.000198912	8.39785e-05	-0.000305808	0.000498192	-0.00222376	
-0.000444704	-7.68396e-05	0.000128085	-1.01462e-05	0.000342706	-0.00212541	
-0.000433004	-0.000174036	0.000111243	-0.000255685	0.000361836	-0.00208596	
-0.000499767	-0.00013045	5.4176e-05	-0.000134987	0.00057988	-0.00204467	
-0.000501934	-0.000146399	0.000112713	-0.000168985	0.000592842	-0.00205991	
-0.000482374	-0.000113816	0.000100856	-0.000103973	0.000595298	-0.00197108	
-0.000488395	-9.12167e-05	4.22463e-05	-4.87927e-05	0.000670273	-0.0019061	
-0.000287974	-8.58899e-05	0.000110331	-6.46375e-05	0.000215838	-0.00165942	
-4.78564e-05	-0.000107076	0.000217082	-0.000141341	-0.000345058	-0.00141459	
-6.06351e-05	-0.000110642	0.000187258	-0.00014256	-0.000272557	-0.00136405	
-0.000293738	-0.000127282	5.49775e-05	-0.000187899	0.000341594	-0.00145975	
-0.000107955	-0.00012312	0.000134234	-0.00019346	-0.000108746	-0.00134524	
-0.000112763	-9.77237e-05	0.000135366	-0.000140688	-7.45223e-05	-0.00127777	
-3.79752e-05	-5.89755e-05	0.000143162	-5.02861e-05	-0.000230052	-0.00115497	
-9.03411e-05	-0.000126469	0.000105623	-0.000214634	-6.548e-05	-0.00117008	
-4.85776e-05	-8.20805e-05	0.00014963	-0.00011384	-0.000157125	-0.00112458	
-9.54197e-05	-5.10155e-05	0.000109767	-2.3383e-05	-2.19663e-05	-0.00109732	
-8.64679e-05	-6.74088e-05	0.000116444	-8.27265e-05	-2.16694e-05	-0.00108301	
-0.000284637	-0.000130624	3.5229e-05	-0.000233958	0.000494365	-0.00114967	
-6.50115e-05	-9.36687e-05	0.000115872	-0.000158821	-4.95151e-05	-0.000989834	
-2.24325e-05	-9.23692e-05	0.000113724	-0.000164297	-0.000125988	-0.000941805	
-0.000132313	-0.000133252	3.76167e-05	-0.000250708	0.000179601	-0.000997968	
0.000180014	-0.000104989	0.000181197	-0.000206479	-0.000596721	-0.000746102	
-4.28078e-05	-9.28594e-05	6.37253e-05	-0.000171461	-1.38527e-05	-0.000846373	
8.1669e-05	-0.000117936	9.94179e-05	-0.000233641	-0.000300296	-0.000798039	
-0.00015776	-0.000143554	-2.33856e-05	-0.000292299	0.000309478	-0.000879944	
4.07429e-05	-0.000182155	7.0573e-05	-0.000406989	-0.000182098	-0.000660119	
0.000206257	-0.000114535	0.0001469	-0.000267576	-0.000603515	-0.000560965	
0.000103696	-0.000162285	7.521e-05	-0.000382696	-0.000306515	-0.000626564	
3.25423e-05	-0.000166881	6.71932e-05	-0.000375001	-0.000130971	-0.000677831	
-3.10073e-06	-0.000139434	4.93805e-05	-0.000320912	-3.47402e-05	-0.000653752	
1.52217e-05	-0.000147348	1.17278e-05	-0.000347006	-4.49901e-05	-0.000731473	
0.000115225	-0.000100492	2.69136e-05	-0.000247338	-0.000270915	-0.000658156	
1.68209e-05	-0.000117378	-2.18118e-06	-0.000291845	-2.0901e-05	-0.000641412	
-0.000126904	-0.000182954	-4.20718e-05	-0.000457002	0.000325895	-0.000672357	
1.69728e-05	-0.000138165	-6.54842e-06	-0.000349888	-1.33246e-05	-0.00058389	
0.000232806	-7.11887e-05	5.62784e-05	-0.00019575	-0.000547394	-0.000530543	
3.16871e-05	-0.000203951	-2.52004e-05	-0.000524741	-2.15057e-05	-0.000523485	
6.30457e-05	-0.000168741	-6.5647e-06	-0.000426827	-0.000103639	-0.000433027	
8.93304e-05	-0.000154036	-7.17912e-06	-0.000409386	-0.000147429	-0.000380853	
0.000104537	-0.000131414	6.5213e-06	-0.000362377	-0.000184425	-0.000276579	
8.57238e-05	-0.000103246	-6.35259e-06	-0.000295836	-0.000135589	-0.000234772	
4.78324e-05	-0.00011975	-2.9037e-05	-0.000344817	-4.74368e-05	-0.000207823	
6.60602e-05	-6.88497e-05	-2.30244e-05	-0.000208431	-9.3061e-05	-0.000171873	
5.41415e-05	-5.55198e-05	-2.3983e-05	-0.000180388	-7.40026e-05	-0.000137836	
6.05625e-05	-3.33349e-05	-6.36541e-06	-0.000114676	-0.000104466	-8.38344e-05	
2.8104e-05	-3.57897e-05	-1.86058e-05	-0.000127357	-2.098e-05	-6.68411e-05	
4.78783e-05	-1.43688e-05	-2.11562e-06	-7.04848e-05	-7.60752e-05	-5.3356e-05	
1.42848e-06	-3.73544e-05	-2.41251e-05	-0.000139719	2.30074e-05	-3.95997e-05	
4.69016e-05	-1.16289e-05	-3.27664e-06	-6.09559e-05	-9.08405e-05	-3.65736e-05	
3.23569e-05	-1.97306e-06	3.47599e-06	-4.39693e-05	-6.29394e-05	-2.03857e-05	
2.45752e-05	-9.55302e-06	-2.38331e-06	-6.0673e-05	-4.97372e-05	-3.02287e-05	
1.48518e-05	-4.8146e-06	-1.55669e-06	-4.81741e-05	-3.09878e-05	-2.24364e-05	
1.13726e-05	-9.05282e-06	-9.19925e-07	-5.75902e-05	-1.6126e-05	-2.03576e-05	
2.6005e-05	-4.93646e-06	8.40736e-06	-4.07382e-05	-5.21844e-05	-7.96729e-06	
3.21796e-06	-8.577e-06	-6.62587e-06	-4.5886e-05	1.57055e-06	-2.78835e-06	
camera pose
-0.245584	-0.93688	-0.248888	0	
-0.961217	0.202114	0.187649	0	
-0.125501	0.285319	-0.95018	0	
0.472845	-0.0645438	0.336325	1	
-0.245577	-0.936882	-0.248888	0	
-0.961219	0.202108	0.187642	0	
-0.125496	0.285316	-0.950182	0	
0.472846	-0.0645417	0.336326	1	
-0.237072	-0.941648	-0.238946	0	
-0.963047	0.19543	0.185333	0	
-0.127821	0.274053	-0.953182	0	
0.474636	-0.0573711	0.338003	1	
-0.226871	-0.946987	-0.227475	0	
-0.965195	0.187417	0.182408	0	
-0.130106	0.260941	-0.956547	0	
0.476624	-0.0492293	0.340091	1	
-0.217668	-0.951227	-0.218603	0	
-0.966959	0.179715	0.180813	0	
-0.132708	0.250737	-0.958916	0	
0.479145	-0.0425865	0.341596	1	
-0.208433	-0.955359	-0.209392	0	
-0.968393	0.171602	0.181017	0	
-0.137004	0.240504	-0.960931	0	
0.481917	-0.0358861	0.342727	1	
-0.200653	-0.958603	-0.202038	0	
-0.969458	0.164606	0.181814	0	
-0.14103	0.232349	-0.962354	0	
0.484424	-0.0304578	0.34354	1	
-0.192453	-0.961728	-0.19504	0	
-0.970487	0.1571	0.182962	0	
-0.145319	0.224496	-0.963579	0	
0.487011	-0.0250762	0.344168	1	
-0.184031	-0.964696	-0.188397	0	
-0.971449	0.149313	0.184371	0	
-0.149732	0.216948	-0.964631	0	
0.489634	-0.0198042	0.344685	1	
-0.17665	-0.967106	-0.183033	0	
-0.97218	0.142375	0.185998	0	
-0.15382	0.210797	-0.965352	0	
0.491951	-0.0154116	0.344991	1	
-0.170815	-0.968896	-0.179059	0	
-0.972731	0.136888	0.187234	0	
-0.1569	0.206158	-0.965858	0	
0.493714	-0.0120989	0.345237	1	
-0.164919	-0.970562	-0.175532	0	
-0.97327	0.1313	0.188432	0	
-0.159837	0.201916	-0.966272	0	
0.495377	-0.00890876	0.34543	1	
-0.15922	-0.972152	-0.171955	0	
-0.973766	0.125965	0.189504	0	
-0.162566	0.197617	-0.966706	0	
0.496941	-0.00573489	0.345628	1	
-0.154541	-0.973367	-0.169333	0	
-0.974181	0.121575	0.190239	0	
-0.164585	0.194361	-0.967024	0	
0.498135	-0.00324184	0.34578	1	
-0.150629	-0.974336	-0.167271	0	
-0.974491	0.117865	0.190984	0	
-0.166367	0.191771	-0.967236	0	
0.499152	-0.00122269	0.345792	1	
-0.14663	-0.975257	-0.165447	0	
-0.974833	0.114072	0.191541	0	
-0.167929	0.189368	-0.96744	0	
0.500053	0.000767272	0.345926	1	
-0.142724	-0.976152	-0.163573	0	
-0.975158	0.110399	0.192037	0	
-0.169399	0.186918	-0.96766	0	
0.500927	0.00266561	0.346072	1	
-0.139326	-0.976874	-0.162187	0	
-0.975448	0.107181	0.192391	0	
-0.170558	0.18501	-0.967823	0	
0.501641	0.00425543	0.346164	1	
-0.136084	-0.977547	-0.160882	0	
-0.975727	0.104125	0.192651	0	
-0.171574	0.183194	-0.967989	0	
0.502272	0.00568943	0.346275	1	
-0.132372	-0.978288	-0.159467	0	
-0.976062	0.100642	0.192804	0	
-0.172569	0.181171	-0.968193	0	
0.502901	0.00735861	0.346481	1	
-0.129029	-0.97892	-0.158328	0	
-0.976361	0.0974908	0.19291	0	
-0.173408	0.179476	-0.968358	0	
0.503485	0.00877141	0.346627	1	
-0.126303	-0.979387	-0.157632	0	
-0.976612	0.0948924	0.192936	0	
-0.174001	0.178314	-0.968467	0	
0.503905	0.00983624	0.346678	1	
-0.123594	-0.979865	-0.156812	0	
-0.97686	0.0923418	0.192919	0	
-0.174555	0.177027	-0.968603	0	
0.50428	0.0109038	0.346762	1	
-0.121203	-0.980209	-0.156522	0	
-0.977097	0.0900293	0.192811	0	
-0.174903	0.176307	-0.968672	0	
0.50456	0.0117109	0.34676	1	
-0.119085	-0.98052	-0.156201	0	
-0.977289	0.0879802	0.192786	0	
-0.175288	0.175612	-0.968728	0	
0.504805	0.012491	0.34678	1	
-0.116854	-0.980873	-0.155672	0	
-0.977471	0.0858461	0.192823	0	
-0.175771	0.174697	-0.968806	0	
0.505136	0.0133362	0.34686	1	
-0.114768	-0.981157	-0.155434	0	
-0.977657	0.0838199	0.192772	0	
-0.176111	0.174086	-0.968855	0	
0.50539	0.0139347	0.346836	1	
-0.112942	-0.981386	-0.155322	0	
-0.977821	0.0820313	0.192711	0	
-0.176383	0.173643	-0.968885	0	
0.505587	0.0144352	0.346813	1	
-0.111087	-0.98159	-0.155373	0	
-0.977977	0.0801757	0.192701	0	
-0.176697	0.173357	-0.968879	0	
0.505633	0.01496	0.346733	1	
-0.109312	-0.981798	-0.155317	0	
-0.978149	0.0784465	0.192539	0	
-0.17685	0.17297	-0.96892	0	
0.505827	0.0154075	0.346706	1	
-0.107513	-0.982008	-0.155243	0	
-0.978319	0.0766971	0.192376	0	
-0.177009	0.172561	-0.968964	0	
0.505986	0.0159623	0.346705	1	
-0.105826	-0.982212	-0.155116	0	
-0.978456	0.075047	0.192331	0	
-0.177269	0.172128	-0.968993	0	
0.506125	0.0164883	0.346646	1	
-0.104027	-0.98242	-0.155013	0	
-0.97861	0.0732932	0.192224	0	
-0.177483	0.171693	-0.969031	0	
0.506261	0.017065	0.346615	1	
-0.102394	-0.982604	-0.154933	0	
-0.978767	0.0717172	0.192019	0	
-0.177567	0.171305	-0.969084	0	
0.506392	0.0176201	0.346651	1	
-0.100931	-0.982753	-0.154952	0	
-0.978872	0.0702558	0.192024	0	
-0.177826	0.17106	-0.96908	0	
0.506433	0.0179823	0.346545	1	
-0.0994922	-0.982868	-0.155149	0	
-0.97903	0.0688378	0.191734	0	
-0.177769	0.170972	-0.969106	0	
0.506546	0.0181117	0.346427	1	
-0.098434	-0.982907	-0.155577	0	
-0.979115	0.0677113	0.1917	0	
-0.177889	0.171198	-0.969044	0	
0.506613	0.0182505	0.346273	1	
-0.0973014	-0.983019	-0.155585	0	
-0.979201	0.0665901	0.191653	0	
-0.178038	0.170997	-0.969052	0	
0.506736	0.0185298	0.346221	1	
-0.0961934	-0.983086	-0.15585	0	
-0.979278	0.0654373	0.191657	0	
-0.178217	0.171056	-0.969009	0	
0.506839	0.0186996	0.346124	1	
-0.0949158	-0.983163	-0.156144	0	
-0.979364	0.064109	0.191665	0	
-0.178428	0.171114	-0.96896	0	
0.506902	0.0189278	0.345964	1	
-0.0938596	-0.983194	-0.156586	0	
-0.979473	0.0630095	0.191475	0	
-0.178391	0.171344	-0.968926	0	
0.506971	0.0190578	0.345887	1	
-0.0928898	-0.983247	-0.156836	0	
-0.979499	0.0619611	0.191681	0	
-0.178752	0.171426	-0.968845	0	
0.507016	0.0191921	0.345685	1	
-0.0920374	-0.983272	-0.157179	0	
-0.979596	0.0610862	0.19147	0	
-0.178665	0.171594	-0.968831	0	
0.507123	0.0192965	0.345649	1	
-0.0910874	-0.983338	-0.157321	0	
-0.979681	0.0601381	0.191332	0	
-0.178683	0.171553	-0.968835	0	
0.507166	0.0194616	0.345585	1	
-0.0902346	-0.983398	-0.157435	0	
-0.979748	0.0592805	0.191259	0	
-0.178751	0.171505	-0.968831	0	
0.507211	0.0195552	0.345488	1	
-0.0891729	-0.983521	-0.157275	0	
-0.97981	0.0582524	0.191258	0	
-0.178944	0.171154	-0.968858	0	
0.507339	0.0198854	0.345433	1	
-0.0883889	-0.983554	-0.157506	0	
-0.979828	0.0573995	0.191423	0	
-0.179235	0.171248	-0.968787	0	
0.507366	0.0200221	0.345297	1	
-0.0875484	-0.983582	-0.1578	0	
-0.979893	0.0565204	0.191353	0	
-0.179293	0.17138	-0.968753	0	
0.507464	0.0201295	0.345245	1	
-0.0866932	-0.983662	-0.157776	0	
-0.97995	0.0556812	0.191306	0	
-0.179395	0.171198	-0.968767	0	
0.507599	0.0202758	0.345205	1	
-0.0858296	-0.983634	-0.158423	0	
-0.979988	0.0546855	0.191396	0	
-0.1796	0.17168	-0.968643	0	
0.507659	0.0202924	0.345034	1	
-0.0850568	-0.983681	-0.158546	0	
-0.979995	0.0538571	0.191598	0	
-0.179932	0.171671	-0.968583	0	
0.507694	0.0203731	0.344861	1	
-0.0841629	-0.983676	-0.159056	0	
-0.980024	0.0528489	0.191728	0	
-0.180192	0.172016	-0.968474	0	
0.507803	0.0203876	0.344703	1	
-0.0834077	-0.983756	-0.158958	0	
-0.980076	0.0521269	0.191659	0	
-0.18026	0.171777	-0.968504	0	
0.508045	0.0204595	0.344767	1	
-0.082372	-0.98379	-0.159289	0	
-0.980095	0.0509964	0.191869	0	
-0.180636	0.171923	-0.968408	0	
0.508228	0.0206537	0.344626	1	
-0.0818645	-0.983714	-0.160014	0	
-0.980063	0.0502937	0.192219	0	
-0.18104	0.17256	-0.968219	0	
0.50828	0.0204951	0.344418	1	
-0.0813426	-0.983681	-0.160481	0	
-0.980065	0.0496599	0.192369	0	
-0.18126	0.17293	-0.968112	0	
0.508463	0.0203958	0.344263	1	
-0.0806995	-0.983691	-0.16075	0	
-0.980046	0.0489174	0.192657	0	
-0.181651	0.17309	-0.96801	0	
0.508624	0.0204072	0.344124	1	
-0.0797113	-0.983735	-0.160971	0	
-0.980063	0.0478592	0.192838	0	
-0.181997	0.173133	-0.967937	0	
0.508832	0.0205078	0.344015	1	
-0.0787673	-0.98376	-0.161282	0	
-0.980067	0.0468186	0.193071	0	
-0.182384	0.173275	-0.967839	0	
0.509056	0.0205435	0.343948	1	
-0.0779225	-0.98375	-0.161756	0	
-0.98008	0.0458588	0.193234	0	
-0.182676	0.173591	-0.967727	0	
0.509203	0.0203897	0.343848	1	
-0.076861	-0.983782	-0.162067	0	
-0.980068	0.0446818	0.193573	0	
-0.183192	0.173715	-0.967607	0	
0.509412	0.0204074	0.343777	1	
-0.0757028	-0.983919	-0.16178	0	
-0.98	0.0434719	0.194189	0	
-0.184033	0.173245	-0.967532	0	
0.509765	0.0206409	0.343748	1	
-0.0741881	-0.983992	-0.162039	0	
-0.979991	0.0418417	0.194594	0	
-0.184699	0.173234	-0.967407	0	
0.510099	0.0208056	0.343719	1	
-0.0730533	-0.983822	-0.163578	0	
-0.979958	0.0403309	0.195079	0	
-0.185326	0.174551	-0.96705	0	
0.51016	0.0202783	0.343315	1	
-0.0716076	-0.983859	-0.163995	0	
-0.979847	0.0386498	0.195973	0	
-0.186471	0.174723	-0.966799	0	
0.510768	0.0202861	0.343272	1	
-0.0704508	-0.983851	-0.16454	0	
-0.979676	0.0371871	0.197109	0	
-0.187808	0.175083	-0.966475	0	
0.511263	0.020142	0.34305	1	
-0.0694529	-0.983811	-0.165201	0	
-0.979518	0.0358793	0.198134	0	
-0.188999	0.175578	-0.966153	0	
0.511715	0.0199182	0.342861	1	
-0.068767	-0.983738	-0.165924	0	
-0.979373	0.0348928	0.199026	0	
-0.19	0.176188	-0.965846	0	
0.512083	0.0196437	0.342655	1	
-0.0681672	-0.983687	-0.166475	0	
-0.979254	0.034054	0.199757	0	
-0.190829	0.176638	-0.9656	0	
0.512388	0.0194218	0.342524	1	
-0.0674523	-0.983703	-0.166668	0	
-0.979118	0.0331552	0.200572	0	
-0.191777	0.176716	-0.965398	0	
0.512779	0.0193259	0.342479	1	
-0.0670858	-0.983659	-0.167079	0	
-0.979019	0.0326037	0.201146	0	
-0.192412	0.177068	-0.965207	0	
0.512958	0.0191228	0.342419	1	
-0.0667685	-0.983615	-0.167463	0	
-0.978937	0.0321253	0.201617	0	
-0.192934	0.177397	-0.965042	0	
0.513131	0.0189951	0.342392	1	
-0.0665312	-0.983573	-0.167803	0	
-0.978893	0.0317715	0.201888	0	
-0.19324	0.177693	-0.964927	0	
0.513221	0.018832	0.342345	1	
-0.0662534	-0.983602	-0.167742	0	
-0.978837	0.0314481	0.202209	0	
-0.193618	0.177589	-0.96487	0	
0.51335	0.0187376	0.342337	1	
-0.0662684	-0.98354	-0.168098	0	
-0.978788	0.0313449	0.202463	0	
-0.193862	0.177949	-0.964755	0	
0.513355	0.0185941	0.342252	1	
-0.0660197	-0.983583	-0.167945	0	
-0.978737	0.0310749	0.202752	0	
-0.194204	0.17776	-0.964721	0	
0.513516	0.0185882	0.342326	1	
-0.0660974	-0.98352	-0.168287	0	
-0.978692	0.0310432	0.202972	0	
-0.194402	0.178117	-0.964615	0	
0.513528	0.0184259	0.342244	1	
-0.0660153	-0.983493	-0.168472	0	
-0.978687	0.0309158	0.203018	0	
-0.194458	0.178284	-0.964573	0	
0.513524	0.0183295	0.342255	1	
-0.0660518	-0.983445	-0.168741	0	
-0.978658	0.0308713	0.203163	0	
-0.194591	0.178559	-0.964495	0	
0.51357	0.0182583	0.342273	1	
-0.0658977	-0.983439	-0.168834	0	
-0.97865	0.0306864	0.203232	0	
-0.194686	0.178622	-0.964464	0	
0.513564	0.0182551	0.34226	1	
-0.0657597	-0.983453	-0.168806	0	
-0.978601	0.0305065	0.203493	0	
-0.194976	0.178575	-0.964414	0	
0.51358	0.0182457	0.342225	1	
camera desired pose
-0.0862011	-0.992931	-0.08159	0	
-0.979069	0.0692719	0.191379	0	
-0.184374	0.0963793	-0.978119	0	
0.452023	-0.0439182	0.361654	1	
error feature
122.464	
122.69	
113.953	
101.085	
87.2058	
75.378	
65.4684	
56.0691	
47.779	
40.4802	
33.7548	
29.1397	
24.766	
21.7067	
19.0359	
16.2613	
14.4223	
13.0294	
11.4775	
9.52304	
8.24289	
6.95778	
6.12794	
5.43261	
4.53806	
3.95649	
3.6613	
3.31827	
2.98666	
2.79288	
2.43037	
2.22516	
1.83447	
1.53451	
1.34454	
1.23271	
1.12475	
0.992149	
0.86364	
0.75509	
0.681466	
0.631505	
0.55018	
0.499259	
0.448802	
0.383979	
0.357058	
0.342503	
0.262595	
0.232533	
0.223385	
0.182658	
0.205056	
0.132515	
0.14267	
0.120292	
0.140418	
0.125473	
0.111415	
0.137422	
0.0950781	
0.125093	
0.0955447	
0.070461	
0.0683044	
0.0699316	
0.0534845	
0.0514758	
0.0365672	
0.0349751	
0.0319515	
0.0312836	
0.0276891	
0.0351919	
0.0273012	
0.0312244	
0.0240404	
0.0221945	
0.0223977	
0.0285094	
0.0246661	
error pixel ave
0.0361839	
0.0362236	
0.0352725	
0.0340744	
0.032508	
0.0311787	
0.0299731	
0.0287836	
0.0280455	
0.0271589	
0.0262473	
0.0253622	
0.024526	
0.0239217	
0.0232419	
0.0225387	
0.0219835	
0.0214449	
0.0208075	
0.0201381	
0.0195467	
0.0188493	
0.0182867	
0.0177996	
0.0172202	
0.016736	
0.0164	
0.0160397	
0.0157478	
0.0153961	
0.0149691	
0.0146517	
0.0141511	
0.0136482	
0.0133228	
0.0130337	
0.0127008	
0.0123729	
0.0120583	
0.0116987	
0.0113137	
0.0110977	
0.0107488	
0.0104325	
0.0102043	
0.00982246	
0.00955981	
0.00915834	
0.00886844	
0.00841652	
0.00820779	
0.00775843	
0.00740635	
0.00680171	
0.00658591	
0.00624855	
0.00588773	
0.00536643	
0.00492924	
0.00462768	
0.00409517	
0.00366357	
0.00315093	
0.0026569	
0.00223911	
0.001962	
0.001755	
0.00157302	
0.00139927	
0.00128713	
0.00106787	
0.00112234	
0.00106385	
0.000991044	
0.000791585	
0.000909784	
0.000782707	
0.000714792	
0.000722774	
0.000663528	
0.000495689	
order
4	
4	
4	
4	
4	
4	
4	
4	
4	
4	
4	
4	
4	
4	
4	
4	
4	
4	
4	
4	
4	
4	
4	
4	
4	
4	
4	
4	
4	
4	
4	
4	
4	
4	
4	
4	
4	
4	
4	
4	
4	
4	
4	
4	
4	
4	
4	
4	
4	
5	
5	
5	
5	
5	
5	
5	
6	
6	
6	
7	
7	
8	
9	
9	
10	
11	
11	
12	
12	
12	
13	
13	
13	
13	
14	
13	
14	
14	
14	
14	
14	
ax
7	
7	
7	
7	
7	
7	
7	
7	
7	
7	
6	
6	
6	
6	
6	
6	
6	
6	
6	
6	
6	
6	
6	
6	
6	
6	
6	
6	
6	
6	
6	
6	
6	
6	
6	
6	
6	
6	
6	
6	
6	
6	
6	
6	
6	
6	
6	
6	
6	
6	
6	
6	
6	
6	
6	
6	
6	
6	
6	
6	
6	
6	
6	
6	
6	
6	
6	
6	
6	
6	
6	
6	
6	
6	
6	
6	
6	
6	
6	
6	
6	
bx
7	
7	
6	
6	
6	
6	
6	
6	
6	
6	
6	
6	
6	
6	
6	
6	
6	
6	
6	
6	
6	
6	
6	
6	
6	
6	
6	
6	
6	
6	
6	
5	
5	
5	
5	
5	
5	
5	
5	
5	
5	
5	
5	
5	
5	
5	
5	
5	
5	
5	
5	
5	
5	
5	
5	
5	
5	
5	
5	
5	
5	
5	
5	
5	
5	
5	
5	
5	
5	
5	
5	
5	
5	
5	
5	
5	
5	
5	
5	
5	
5	
ay
4	
4	
4	
4	
4	
4	
4	
4	
4	
4	
4	
4	
4	
4	
4	
4	
4	
4	
4	
4	
4	
4	
4	
4	
4	
4	
4	
4	
4	
4	
4	
4	
4	
4	
4	
4	
4	
4	
4	
4	
4	
4	
4	
4	
4	
4	
4	
4	
4	
4	
4	
4	
4	
4	
4	
4	
4	
4	
4	
4	
4	
4	
4	
4	
4	
4	
4	
4	
4	
4	
4	
4	
4	
4	
4	
4	
4	
4	
4	
4	
4	
by
5	
5	
5	
5	
5	
5	
5	
5	
5	
5	
5	
5	
5	
5	
5	
5	
5	
5	
5	
5	
5	
5	
5	
5	
5	
5	
5	
5	
5	
5	
5	
5	
5	
5	
5	
5	
5	
5	
5	
5	
5	
5	
5	
5	
5	
5	
5	
5	
5	
5	
5	
5	
5	
5	
5	
5	
5	
5	
5	
5	
5	
5	
5	
5	
5	
5	
5	
5	
5	
5	
5	
5	
5	
5	
5	
5	
5	
5	
5	
5	
5	
