camera velocity
-0.00842998	0.000447625	-0.000613419	0.00284464	0.0144819	-0.00899513	
-0.00831156	0.000384869	-0.000568867	0.0026881	0.0142048	-0.00894773	
-0.00775633	-0.000147559	-0.000183033	0.00111154	0.0131299	-0.00857833	
-0.00699415	-0.00115189	-7.90298e-05	-0.00149726	0.0119127	-0.00849148	
-0.00631603	-0.00107887	-0.000267533	-0.00130206	0.0107977	-0.00816525	
-0.00609195	-0.00134975	-0.000472009	-0.0019284	0.01075	-0.00760726	
-0.00516619	-0.00131513	-0.00037529	-0.00196331	0.0089669	-0.00707277	
-0.00457708	-0.00101028	-0.00038989	-0.00134455	0.00789246	-0.00669695	
-0.00439517	-0.000893737	-0.000507941	-0.00108594	0.00772799	-0.00634449	
-0.00384889	-0.000909886	-0.000297016	-0.00121915	0.00652598	-0.0057504	
-0.00334069	-0.000754308	-0.000126156	-0.000999192	0.00542973	-0.00535028	
-0.00328014	-0.000881301	-0.000171152	-0.00133401	0.00546182	-0.00512608	
-0.00317786	-0.000937641	-0.000142417	-0.00154416	0.00535031	-0.00482772	
-0.00256187	-0.00089838	6.68607e-05	-0.0015388	0.00400979	-0.00438178	
-0.00237675	-0.000912079	0.000116551	-0.00164985	0.00370096	-0.0041179	
-0.0022306	-0.000870559	0.000147615	-0.0016356	0.00346491	-0.00393086	
-0.00188838	-0.000752573	0.000138305	-0.00137829	0.0028081	-0.00381777	
-0.00183576	-0.000716388	0.000127257	-0.00135626	0.00277605	-0.00363108	
-0.00171981	-0.000815443	0.000105129	-0.00159881	0.00263501	-0.00345203	
-0.00159309	-0.00078596	0.000117305	-0.00157135	0.00242797	-0.00324064	
-0.00140519	-0.000749617	0.000142465	-0.00153829	0.00206088	-0.0030617	
-0.0011869	-0.000685124	0.000127333	-0.00138766	0.00166281	-0.00287645	
-0.00114145	-0.000633278	0.000111593	-0.00130129	0.0016256	-0.00278991	
-0.000885918	-0.000523656	0.000132083	-0.00105693	0.00108603	-0.00264787	
-0.000689842	-0.000403356	0.000150893	-0.000802472	0.000677397	-0.00251616	
-0.0005903	-0.000410392	0.000179938	-0.000831973	0.000486867	-0.00238422	
-0.000576366	-0.000333916	0.000179661	-0.000675952	0.000494612	-0.00228287	
-0.000420914	-0.000346536	0.00021097	-0.000685272	0.000182151	-0.00209499	
-0.000426532	-0.000202327	0.000207875	-0.000407704	0.000225035	-0.00204913	
-0.000389908	-0.000152594	0.000228856	-0.000312983	0.000171797	-0.0019417	
-0.000285907	-0.000155928	0.000235315	-0.000293296	-2.57354e-05	-0.00178346	
-0.000284833	-0.000138472	0.000241114	-0.00028316	1.0358e-05	-0.00173648	
-0.000190186	-0.000136555	0.000241578	-0.000266717	-0.000161923	-0.00163288	
-0.000176592	-0.000117959	0.000226145	-0.000212165	-0.000154841	-0.00154995	
-0.000166498	-6.30822e-05	0.000220257	-0.000116907	-0.000152389	-0.00151608	
-2.88067e-05	-2.98477e-05	0.000228359	-1.44798e-05	-0.000433994	-0.0014005	
-4.13871e-05	-6.98518e-05	0.000216643	-0.000136011	-0.000362756	-0.00139978	
2.62165e-05	-0.000154723	0.000256315	-0.000368002	-0.000486957	-0.00146759	
9.48311e-05	-9.91353e-05	0.000234165	-0.000188782	-0.000604696	-0.00130009	
5.0004e-05	-0.000108274	0.000221896	-0.000228305	-0.000471186	-0.00124546	
-8.22152e-05	-7.89166e-05	0.000191396	-0.000181461	-0.000150002	-0.00120781	
2.32918e-05	-7.59821e-05	0.000192162	-0.000130527	-0.000353216	-0.00105996	
-6.32438e-05	-0.000113898	0.000181083	-0.000297592	-0.000139632	-0.0011838	
5.00584e-05	-0.000113249	0.00018382	-0.000256343	-0.000372174	-0.00107186	
-4.73477e-06	-6.6071e-05	0.000159008	-0.000143642	-0.0002314	-0.000991604	
-7.0949e-05	-6.85755e-05	0.000145394	-0.000162588	-5.93441e-05	-0.000948994	
-3.85483e-05	-3.27741e-05	0.000143958	-7.64852e-05	-0.000121602	-0.000860525	
4.04894e-05	-0.000104468	0.000158777	-0.000223285	-0.000292311	-0.000816224	
6.9867e-05	-0.000120011	0.000171059	-0.000262348	-0.000343834	-0.000776233	
1.09622e-05	-8.0175e-05	0.000146163	-0.000173503	-0.000191253	-0.000683595	
4.7666e-06	-0.000103728	0.000151109	-0.000221073	-0.000175475	-0.000616129	
-0.000168581	-3.36213e-05	0.000103589	-9.81449e-05	0.000239897	-0.000613137	
2.29828e-05	-0.000127518	0.000137511	-0.000271167	-0.00018165	-0.00061919	
2.11047e-05	-9.03812e-05	0.000122355	-0.000207895	-0.000166902	-0.000654803	
-0.000120978	-0.000104588	9.40643e-05	-0.000266511	0.000164168	-0.000646147	
6.85028e-06	-8.16465e-05	9.18899e-05	-0.000169858	-0.000103941	-0.000579895	
4.0201e-05	-4.19179e-05	9.35029e-05	-7.39848e-05	-0.000183445	-0.000513711	
4.11925e-05	-5.99072e-05	8.50228e-05	-0.000107564	-0.000172624	-0.000485344	
-6.76982e-05	-5.34311e-05	6.45668e-05	-0.000139457	8.81379e-05	-0.000516806	
0.000187612	-0.000158853	0.000115057	-0.000433102	-0.0004653	-0.000740761	
0.000176476	-0.000124286	0.000107985	-0.000376531	-0.000442887	-0.000703099	
0.00018609	-0.000105957	0.000100927	-0.000333609	-0.000445535	-0.000675331	
0.000144067	-0.000127558	9.43541e-05	-0.000400467	-0.000338819	-0.000649266	
9.53107e-05	-0.000121411	8.49717e-05	-0.000404478	-0.000221007	-0.000625579	
9.74329e-05	-0.000124453	7.50099e-05	-0.000390955	-0.000214765	-0.000596867	
0.000181871	-8.39697e-05	8.29041e-05	-0.000263416	-0.000406187	-0.000519654	
0.00011326	-0.000114807	7.49173e-05	-0.000358183	-0.000240592	-0.000504693	
7.20512e-05	-0.000149882	7.29243e-05	-0.000454696	-0.00013328	-0.000438275	
2.20235e-05	-0.000154008	5.14519e-05	-0.000482644	-1.71217e-05	-0.000462675	
8.3799e-05	-9.12451e-05	6.33926e-05	-0.00029981	-0.000163389	-0.000440131	
5.63656e-05	-9.34402e-05	5.23638e-05	-0.000311553	-9.67753e-05	-0.000423915	
2.91304e-05	-0.00020134	4.59102e-05	-0.000588978	-3.83488e-05	-0.000614916	
4.26271e-05	-0.00019082	5.81888e-05	-0.000545459	-6.68965e-05	-0.000569449	
5.68901e-05	-0.00021308	5.56414e-05	-0.000605619	-9.27313e-05	-0.000522916	
1.45595e-05	-0.000161023	1.2722e-05	-0.000498231	7.72e-06	-0.000538425	
1.31614e-05	-0.000158566	2.8831e-05	-0.000477792	1.19647e-05	-0.000484337	
4.37586e-05	-0.000122899	5.06332e-05	-0.000369787	-6.55128e-05	-0.000428724	
5.11296e-05	-0.000106323	5.50478e-05	-0.000339509	-7.93952e-05	-0.000472859	
3.09843e-05	-0.000120566	2.17984e-05	-0.000408827	-2.52716e-05	-0.000482067	
3.77275e-05	-0.000215795	-6.00616e-07	-0.000678748	-5.61738e-05	-0.000548393	
7.90324e-05	-0.000160697	3.09951e-05	-0.000509165	-0.000151297	-0.000434383	
0.000149673	-9.91952e-06	2.12571e-05	-0.000123009	-0.00028194	-0.00037218	
0.000106356	-1.4645e-05	-3.05313e-06	-0.000132304	-0.00017567	-0.000333252	
7.91613e-05	-5.99235e-05	-1.16605e-05	-0.000249139	-0.000115556	-0.000339949	
4.84734e-05	-0.000128476	-1.23202e-05	-0.000415547	-6.00876e-05	-0.000301701	
8.75739e-05	-8.05343e-05	-7.09028e-07	-0.000278717	-0.000152452	-0.000252169	
7.13007e-05	-6.58558e-05	-1.31321e-05	-0.000233322	-0.000109162	-0.000204758	
8.14398e-05	1.0393e-06	-1.53383e-05	-5.74641e-05	-0.000126316	-0.000168923	
8.97484e-05	3.62655e-05	-5.19605e-06	3.63828e-05	-0.000157221	-0.000132573	
6.54137e-05	3.26051e-05	-1.10864e-05	3.37675e-05	-0.000105318	-0.000115976	
2.3106e-05	1.80557e-05	-2.41569e-05	3.12712e-06	-2.68123e-05	-0.000116456	
1.16803e-05	1.81661e-06	-1.4718e-05	-2.79807e-05	-1.96582e-05	-8.23254e-05	
4.3591e-06	-2.23586e-06	-1.812e-05	-4.10691e-05	-3.76975e-06	-7.36366e-05	
-5.46149e-06	-8.0244e-06	-2.03545e-05	-5.21912e-05	1.77683e-05	-6.37281e-05	
1.69468e-05	1.88628e-05	-1.67094e-05	3.96384e-05	-2.69956e-05	-6.28471e-05	
camera pose
-0.245643	-0.936853	-0.248931	0	
-0.961195	0.202144	0.187728	0	
-0.125554	0.285386	-0.950153	0	
0.472845	-0.0645353	0.336334	1	
-0.24565	-0.936851	-0.24893	0	
-0.961193	0.202152	0.187729	0	
-0.125552	0.285386	-0.950153	0	
0.472844	-0.0645384	0.336334	1	
-0.238109	-0.941132	-0.239946	0	
-0.962984	0.196627	0.184388	0	
-0.126354	0.274968	-0.953114	0	
0.474274	-0.0580497	0.338585	1	
-0.228538	-0.946224	-0.228978	0	
-0.965202	0.189518	0.18019	0	
-0.127105	0.262191	-0.956609	0	
0.476011	-0.0502058	0.34134	1	
-0.220977	-0.950015	-0.220546	0	
-0.966791	0.18361	0.177773	0	
-0.128392	0.252506	-0.959039	0	
0.477675	-0.0442047	0.343025	1	
-0.212556	-0.953804	-0.212317	0	
-0.968352	0.17652	0.176454	0	
-0.130825	0.243104	-0.961138	0	
0.480146	-0.0380126	0.344641	1	
-0.20487	-0.95707	-0.20505	0	
-0.969642	0.169877	0.175887	0	
-0.133503	0.234859	-0.962818	0	
0.482327	-0.0326818	0.345924	1	
-0.197279	-0.960279	-0.197344	0	
-0.970737	0.163229	0.176142	0	
-0.136933	0.226318	-0.96438	0	
0.484705	-0.0273768	0.347175	1	
-0.190968	-0.962739	-0.191479	0	
-0.971597	0.157619	0.17651	0	
-0.139752	0.219748	-0.965495	0	
0.486694	-0.0232357	0.348112	1	
-0.184636	-0.96501	-0.186185	0	
-0.972493	0.152016	0.176492	0	
-0.142014	0.213651	-0.966533	0	
0.488418	-0.0193138	0.349054	1	
-0.178682	-0.967107	-0.181043	0	
-0.973311	0.146808	0.176388	0	
-0.144008	0.207728	-0.967528	0	
0.489971	-0.0155676	0.350044	1	
-0.172846	-0.969042	-0.176301	0	
-0.974047	0.141615	0.176572	0	
-0.146139	0.202245	-0.96837	0	
0.491496	-0.0119461	0.350795	1	
-0.167422	-0.970685	-0.172455	0	
-0.974738	0.136745	0.176598	0	
-0.147839	0.197665	-0.969057	0	
0.492776	-0.00873102	0.351346	1	
-0.162599	-0.972131	-0.168886	0	
-0.97529	0.132402	0.176861	0	
-0.149571	0.19347	-0.969638	0	
0.494038	-0.00586278	0.351849	1	
-0.158115	-0.973479	-0.165343	0	
-0.97572	0.128334	0.177483	0	
-0.151557	0.189391	-0.970135	0	
0.49528	-0.00311843	0.352215	1	
-0.153911	-0.974612	-0.16261	0	
-0.976106	0.124424	0.178147	0	
-0.153392	0.186144	-0.970475	0	
0.496435	-0.000736231	0.352363	1	
-0.150331	-0.975542	-0.160366	0	
-0.976392	0.121054	0.178896	0	
-0.155108	0.183474	-0.97071	0	
0.497456	0.00127592	0.352397	1	
-0.146723	-0.976444	-0.158206	0	
-0.976671	0.117652	0.179641	0	
-0.156797	0.180873	-0.970927	0	
0.498469	0.00327862	0.352424	1	
-0.143476	-0.977217	-0.156402	0	
-0.976918	0.114578	0.180288	0	
-0.15826	0.178659	-0.9711	0	
0.499319	0.004988	0.352402	1	
-0.140489	-0.977915	-0.154743	0	
-0.977135	0.111754	0.180884	0	
-0.159596	0.176617	-0.971255	0	
0.500104	0.00655116	0.352393	1	
-0.13727	-0.978669	-0.152852	0	
-0.977328	0.108704	0.181696	0	
-0.161204	0.174328	-0.971403	0	
0.501014	0.00812661	0.352348	1	
-0.134139	-0.979354	-0.151239	0	
-0.977483	0.105677	0.182646	0	
-0.162893	0.172334	-0.971477	0	
0.501916	0.00969696	0.352261	1	
-0.131441	-0.979908	-0.150015	0	
-0.977602	0.103037	0.183516	0	
-0.164372	0.170776	-0.971503	0	
0.502685	0.0109893	0.352145	1	
-0.128684	-0.980431	-0.148981	0	
-0.97774	0.100329	0.18428	0	
-0.165727	0.169378	-0.971517	0	
0.503455	0.0122019	0.352054	1	
-0.126301	-0.980871	-0.148119	0	
-0.977845	0.0979779	0.184983	0	
-0.166932	0.168201	-0.971515	0	
0.504093	0.0132433	0.351967	1	
-0.12394	-0.981254	-0.147576	0	
-0.97797	0.0956187	0.185557	0	
-0.167968	0.167323	-0.971488	0	
0.50464	0.0141393	0.351842	1	
-0.121835	-0.981541	-0.147426	0	
-0.978119	0.0934946	0.185856	0	
-0.168642	0.166844	-0.971454	0	
0.505038	0.0148414	0.351749	1	
-0.119625	-0.981824	-0.147346	0	
-0.978248	0.0912305	0.1863	0	
-0.169471	0.166427	-0.971381	0	
0.505469	0.015523	0.351553	1	
-0.117566	-0.982077	-0.147317	0	
-0.978394	0.0891426	0.186545	0	
-0.170069	0.166066	-0.971339	0	
0.505816	0.0161653	0.351423	1	
-0.115908	-0.982255	-0.147444	0	
-0.978496	0.0874211	0.186823	0	
-0.170618	0.165928	-0.971266	0	
0.506109	0.0166098	0.351236	1	
-0.114152	-0.982442	-0.147569	0	
-0.978621	0.0856186	0.187004	0	
-0.171086	0.165761	-0.971212	0	
0.506296	0.0171043	0.351061	1	
-0.112434	-0.982617	-0.147724	0	
-0.978751	0.0838614	0.187118	0	
-0.171477	0.165623	-0.971167	0	
0.506432	0.0175874	0.350908	1	
-0.110984	-0.98274	-0.147999	0	
-0.978889	0.0823787	0.187055	0	
-0.171635	0.165635	-0.971137	0	
0.506581	0.0179404	0.350756	1	
-0.109412	-0.982873	-0.148288	0	
-0.978974	0.0807144	0.187336	0	
-0.172159	0.165667	-0.971039	0	
0.506634	0.0183354	0.350484	1	
-0.107988	-0.982972	-0.148677	0	
-0.979113	0.0792441	0.187237	0	
-0.172267	0.165791	-0.970998	0	
0.506786	0.0186243	0.350337	1	
-0.106745	-0.983054	-0.149035	0	
-0.979203	0.0779279	0.187322	0	
-0.172533	0.165931	-0.970927	0	
0.50685	0.018874	0.350124	1	
-0.105579	-0.983121	-0.149416	0	
-0.979331	0.07673	0.187143	0	
-0.17252	0.166086	-0.970903	0	
0.506924	0.0190977	0.350026	1	
-0.10426	-0.983167	-0.150044	0	
-0.979486	0.0753477	0.186893	0	
-0.172442	0.166452	-0.970854	0	
0.506954	0.0192709	0.349875	1	
-0.103131	-0.98321	-0.15054	0	
-0.979583	0.0741387	0.186873	0	
-0.172575	0.166738	-0.970781	0	
0.506974	0.0194188	0.349682	1	
-0.101875	-0.983247	-0.151153	0	
-0.979658	0.0727522	0.187023	0	
-0.172893	0.167131	-0.970657	0	
0.50705	0.019554	0.349418	1	
-0.100904	-0.983247	-0.151801	0	
-0.979726	0.0716586	0.18709	0	
-0.173078	0.167601	-0.970543	0	
0.507081	0.0195866	0.349172	1	
-0.0998359	-0.983252	-0.152472	0	
-0.979821	0.0704843	0.187035	0	
-0.173156	0.168068	-0.970449	0	
0.507162	0.0196334	0.348993	1	
-0.0988263	-0.983295	-0.152851	0	
-0.979903	0.0694155	0.187007	0	
-0.173273	0.16826	-0.970394	0	
0.507225	0.0197534	0.348834	1	
-0.0979473	-0.98332	-0.15326	0	
-0.979965	0.0684624	0.187031	0	
-0.173419	0.168509	-0.970325	0	
0.507238	0.0198612	0.348651	1	
-0.096957	-0.983365	-0.153599	0	
-0.98	0.0673785	0.187242	0	
-0.173778	0.168682	-0.970231	0	
0.507285	0.0199916	0.348418	1	
-0.0960028	-0.983382	-0.154088	0	
-0.980052	0.0663218	0.187348	0	
-0.174016	0.169	-0.970133	0	
0.507354	0.0200478	0.3482	1	
-0.0952227	-0.983399	-0.154462	0	
-0.98012	0.0654886	0.187284	0	
-0.174059	0.169225	-0.970086	0	
0.507414	0.020107	0.348089	1	
-0.0945238	-0.98344	-0.154633	0	
-0.980163	0.0647561	0.187315	0	
-0.174199	0.169271	-0.970053	0	
0.507456	0.020185	0.34796	1	
-0.0938393	-0.983464	-0.154899	0	
-0.980235	0.06405	0.187179	0	
-0.174163	0.169402	-0.970036	0	
0.507503	0.0202682	0.347886	1	
-0.0930358	-0.983478	-0.155294	0	
-0.980271	0.0631576	0.187298	0	
-0.174395	0.169655	-0.96995	0	
0.50755	0.0203759	0.347706	1	
-0.0925219	-0.98347	-0.155647	0	
-0.98028	0.0625547	0.187454	0	
-0.174619	0.169921	-0.969863	0	
0.507604	0.0203448	0.347508	1	
-0.0919438	-0.983479	-0.155935	0	
-0.980311	0.0619191	0.187498	0	
-0.174745	0.170104	-0.969809	0	
0.507652	0.0204075	0.347376	1	
-0.0914788	-0.983476	-0.156224	0	
-0.980313	0.0613731	0.187672	0	
-0.174983	0.170316	-0.969728	0	
0.5077	0.0204364	0.347188	1	
-0.0911407	-0.983519	-0.156151	0	
-0.980321	0.0610374	0.187739	0	
-0.175114	0.170189	-0.969727	0	
0.507727	0.0205549	0.347091	1	
-0.0905138	-0.983548	-0.156333	0	
-0.980317	0.0603368	0.187984	0	
-0.175459	0.170271	-0.96965	0	
0.507757	0.0206496	0.346891	1	
-0.0899186	-0.983566	-0.156563	0	
-0.980323	0.0596697	0.188168	0	
-0.175734	0.170402	-0.969578	0	
0.507786	0.0207345	0.346726	1	
-0.089489	-0.983612	-0.15652	0	
-0.980367	0.0592678	0.188063	0	
-0.175704	0.170276	-0.969605	0	
0.507945	0.0207751	0.346725	1	
-0.088976	-0.983628	-0.156714	0	
-0.980363	0.0586853	0.188267	0	
-0.175988	0.170388	-0.969534	0	
0.507965	0.0208592	0.346585	1	
-0.0884066	-0.983639	-0.15697	0	
-0.980416	0.0580873	0.188178	0	
-0.175981	0.170532	-0.96951	0	
0.508004	0.0209214	0.346533	1	
-0.0881404	-0.983634	-0.157148	0	
-0.980418	0.0577754	0.18826	0	
-0.176099	0.170664	-0.969465	0	
0.508037	0.0208672	0.346416	1	
-0.0877135	-0.983671	-0.157156	0	
-0.980447	0.0573522	0.188239	0	
-0.176152	0.170594	-0.969468	0	
0.508129	0.0209115	0.346373	1	
-0.0868995	-0.983637	-0.157818	0	
-0.980465	0.0563858	0.188436	0	
-0.176454	0.171111	-0.969322	0	
0.508259	0.0208511	0.346185	1	
-0.0861268	-0.983595	-0.158501	0	
-0.980481	0.0554578	0.188628	0	
-0.176744	0.171653	-0.969173	0	
0.508401	0.0207201	0.346004	1	
-0.0854717	-0.983548	-0.159149	0	
-0.980494	0.0546572	0.188795	0	
-0.176991	0.172181	-0.969035	0	
0.508505	0.0205672	0.345838	1	
-0.0848855	-0.983521	-0.159628	0	
-0.980435	0.0538916	0.189323	0	
-0.1776	0.172576	-0.968853	0	
0.508565	0.020467	0.345609	1	
-0.0843233	-0.983514	-0.159967	0	
-0.980451	0.0532519	0.18942	0	
-0.177778	0.172812	-0.968778	0	
0.508699	0.0204171	0.345501	1	
-0.0836902	-0.983509	-0.160333	0	
-0.98043	0.0524969	0.189738	0	
-0.178192	0.173075	-0.968655	0	
0.508809	0.0203711	0.345358	1	
-0.0832501	-0.983463	-0.16084	0	
-0.980452	0.051959	0.189773	0	
-0.178277	0.173494	-0.968564	0	
0.5089	0.0202302	0.345283	1	
-0.08283	-0.983446	-0.161164	0	
-0.98043	0.0514344	0.19003	0	
-0.178595	0.17375	-0.96846	0	
0.508973	0.0201587	0.345132	1	
-0.0823517	-0.983445	-0.16141	0	
-0.98036	0.0508177	0.190558	0	
-0.179201	0.173933	-0.968315	0	
0.509127	0.0201036	0.344926	1	
-0.0818669	-0.98347	-0.161506	0	
-0.980313	0.0502461	0.190951	0	
-0.17968	0.173958	-0.968222	0	
0.509286	0.0201306	0.344805	1	
-0.0815796	-0.983458	-0.161727	0	
-0.980294	0.0498846	0.19114	0	
-0.179911	0.174134	-0.968148	0	
0.50936	0.020059	0.344707	1	
-0.0810678	-0.983464	-0.161948	0	
-0.980282	0.049295	0.191355	0	
-0.180207	0.174267	-0.968068	0	
0.509471	0.020042	0.344628	1	
-0.0803582	-0.983494	-0.162115	0	
-0.980216	0.0484572	0.191908	0	
-0.180885	0.174329	-0.967931	0	
0.509664	0.0200795	0.344459	1	
-0.0796421	-0.983521	-0.162306	0	
-0.980143	0.0476027	0.192491	0	
-0.181593	0.174413	-0.967783	0	
0.509933	0.0200461	0.344274	1	
-0.0789784	-0.983528	-0.162587	0	
-0.980061	0.0467763	0.193113	0	
-0.182327	0.174597	-0.967612	0	
0.510202	0.0200249	0.344104	1	
-0.0782236	-0.983568	-0.16271	0	
-0.979996	0.0459045	0.193649	0	
-0.182998	0.174603	-0.967484	0	
0.510427	0.0200397	0.343994	1	
-0.077546	-0.983604	-0.162819	0	
-0.979931	0.0451155	0.194166	0	
-0.183636	0.174609	-0.967362	0	
0.510684	0.0200577	0.343885	1	
-0.0766281	-0.983633	-0.163076	0	
-0.979867	0.0440506	0.194729	0	
-0.184359	0.174715	-0.967206	0	
0.510879	0.0200865	0.343676	1	
-0.075879	-0.983637	-0.163401	0	
-0.979823	0.0431665	0.195151	0	
-0.184904	0.174912	-0.967066	0	
0.511053	0.0200451	0.343512	1	
-0.0750618	-0.983661	-0.163636	0	
-0.979777	0.0422288	0.195586	0	
-0.18548	0.175008	-0.966938	0	
0.511288	0.0200602	0.343433	1	
-0.0740722	-0.983695	-0.163885	0	
-0.97961	0.0409975	0.19668	0	
-0.186754	0.175112	-0.966674	0	
0.51164	0.0200674	0.343231	1	
-0.0731891	-0.983669	-0.164437	0	
-0.979442	0.039816	0.197757	0	
-0.18798	0.17553	-0.96636	0	
0.511988	0.0199429	0.34296	1	
-0.0724381	-0.983607	-0.165139	0	
-0.979458	0.0389141	0.197857	0	
-0.188187	0.176079	-0.96622	0	
0.512012	0.0196612	0.342846	1	
-0.0716514	-0.983548	-0.165829	0	
-0.979467	0.0379717	0.197994	0	
-0.18844	0.176611	-0.966074	0	
0.512028	0.0194048	0.342814	1	
-0.070841	-0.983526	-0.166305	0	
-0.979409	0.0369856	0.198467	0	
-0.189047	0.17694	-0.965895	0	
0.512193	0.0192595	0.342754	1	
-0.0699612	-0.983515	-0.166743	0	
-0.979232	0.0358245	0.199554	0	
-0.190291	0.177241	-0.965596	0	
0.512581	0.0191827	0.342601	1	
-0.0693318	-0.98346	-0.167333	0	
-0.979117	0.0349502	0.20027	0	
-0.191109	0.177724	-0.965345	0	
0.512795	0.0189406	0.342446	1	
-0.0688431	-0.98342	-0.167769	0	
-0.979037	0.0342844	0.200776	0	
-0.191695	0.178074	-0.965165	0	
0.513008	0.0187081	0.342405	1	
-0.0683347	-0.983381	-0.168204	0	
-0.979035	0.0336709	0.200891	0	
-0.191889	0.178406	-0.965065	0	
0.512969	0.0185128	0.342391	1	
-0.0681147	-0.983342	-0.168519	0	
-0.979018	0.0333656	0.201021	0	
-0.19205	0.178675	-0.964983	0	
0.512891	0.0182585	0.342268	1	
-0.0678313	-0.983301	-0.168872	0	
-0.979054	0.0330355	0.200902	0	
-0.191968	0.178962	-0.964946	0	
0.512804	0.0180813	0.342291	1	
-0.0675685	-0.983297	-0.168999	0	
-0.979078	0.0327619	0.20083	0	
-0.191939	0.179033	-0.964939	0	
0.512796	0.0180226	0.342313	1	
-0.0673289	-0.983298	-0.16909	0	
-0.979077	0.0324966	0.200877	0	
-0.192027	0.179077	-0.964913	0	
0.512777	0.0179905	0.342316	1	
-0.0671327	-0.983301	-0.16915	0	
-0.979035	0.0322436	0.201124	0	
-0.192312	0.179106	-0.964851	0	
0.512717	0.0179884	0.342305	1	
camera desired pose
-0.0862011	-0.992931	-0.08159	0	
-0.979069	0.0692719	0.191379	0	
-0.184374	0.0963793	-0.978119	0	
0.452023	-0.0439182	0.361654	1	
error feature
103.666	
103.556	
93.3123	
81.1015	
70.7515	
61.3712	
52.9693	
45.6906	
39.5004	
34.3727	
30.1092	
26.2645	
23.3115	
19.9329	
17.5938	
15.6423	
13.8691	
12.4218	
11.0231	
9.69923	
8.59849	
7.41406	
6.73156	
5.92978	
5.2911	
4.74246	
4.30843	
3.73019	
3.3891	
3.00355	
2.65828	
2.38987	
2.10635	
1.93628	
1.72987	
1.54861	
1.38308	
1.32757	
1.20278	
1.05173	
0.944236	
0.839648	
0.771671	
0.702022	
0.626001	
0.56018	
0.474204	
0.483024	
0.463455	
0.358713	
0.356913	
0.265611	
0.343814	
0.280929	
0.244445	
0.245353	
0.230059	
0.225395	
0.158922	
0.289422	
0.255609	
0.230641	
0.210425	
0.194399	
0.181789	
0.215698	
0.175345	
0.183415	
0.157941	
0.160555	
0.141634	
0.204405	
0.218463	
0.234465	
0.166448	
0.158366	
0.183756	
0.207942	
0.163463	
0.169687	
0.142298	
0.15962	
0.114107	
0.103028	
0.0830256	
0.0748304	
0.055329	
0.0433608	
0.0563099	
0.0358325	
0.0227211	
0.0203326	
0.0176134	
0.0160985	
0.0163938	
error pixel ave
0.0360336	
0.0359693	
0.0351175	
0.0338507	
0.0325003	
0.0313622	
0.0301708	
0.0291139	
0.0283463	
0.0275809	
0.0270225	
0.0262768	
0.0256478	
0.0246738	
0.0238677	
0.0232274	
0.022644	
0.0222349	
0.0217767	
0.0212837	
0.0207719	
0.0202172	
0.0197663	
0.0192349	
0.0186883	
0.0181244	
0.0175896	
0.0169944	
0.0165373	
0.0161184	
0.0157285	
0.0153143	
0.0149035	
0.0145612	
0.0141707	
0.0138746	
0.0136035	
0.0132587	
0.0130075	
0.0127284	
0.0124918	
0.0122392	
0.0120307	
0.011812	
0.0116412	
0.0113527	
0.0111712	
0.0109582	
0.0107871	
0.0104944	
0.0103026	
0.0101261	
0.00997222	
0.00982395	
0.00959409	
0.00931809	
0.00924195	
0.0089738	
0.00879291	
0.00865298	
0.00856889	
0.00824975	
0.0079668	
0.00772124	
0.00744186	
0.00723645	
0.00699925	
0.00687111	
0.00669981	
0.00646416	
0.00627865	
0.00616559	
0.00592466	
0.00562129	
0.00545765	
0.00517503	
0.00494037	
0.00461199	
0.00440666	
0.00423803	
0.00405605	
0.00366975	
0.00331102	
0.0030937	
0.00278562	
0.00250157	
0.00221793	
0.00184725	
0.00173263	
0.0013264	
0.000895581	
0.000705561	
0.000687453	
0.000558888	
0.000304134	
order
4	
4	
4	
4	
4	
4	
4	
4	
4	
4	
4	
4	
4	
4	
4	
4	
4	
4	
4	
4	
4	
4	
4	
4	
4	
4	
4	
4	
4	
4	
4	
4	
4	
4	
4	
4	
4	
4	
4	
4	
4	
4	
4	
4	
4	
4	
4	
4	
4	
4	
4	
4	
4	
4	
4	
4	
4	
4	
4	
5	
5	
5	
5	
5	
5	
5	
5	
5	
5	
5	
5	
6	
6	
6	
6	
6	
6	
7	
7	
7	
7	
8	
8	
9	
9	
10	
10	
11	
11	
12	
13	
14	
14	
14	
15	
