camera velocity
0.000380081	-0.000297595	-0.000171087	0.000311258	0.000152422	-0.000249865	
0.000360779	-0.000296695	-0.000174448	0.000314845	0.000196554	-0.000241183	
0.000308593	-0.000366172	-0.000201392	7.06333e-05	0.000247045	-0.000146776	
0.000206546	-0.00017054	-0.000187328	0.00017193	0.000287721	7.76848e-05	
camera pose
0.265658	-0.95051	-0.161107	0	
-0.946663	-0.288804	0.142901	0	
-0.182358	0.114552	-0.976537	0	
0.460003	-0.0256766	0.362825	1	
0.265655	-0.950511	-0.161108	0	
-0.946664	-0.288801	0.1429	0	
-0.182356	0.114553	-0.976537	0	
0.460003	-0.0256789	0.362825	1	
0.2657	-0.950509	-0.161047	0	
-0.94666	-0.28883	0.142867	0	
-0.182312	0.114497	-0.976551	0	
0.460096	-0.0256969	0.362845	1	
0.266107	-0.95041	-0.160961	0	
-0.946577	-0.289198	0.142678	0	
-0.182152	0.114394	-0.976593	0	
0.460282	-0.0257217	0.362842	1	
camera desired pose
-0.107378	-0.976884	-0.184846	0	
-0.98515	0.07949	0.152186	0	
-0.133975	0.198443	-0.970913	0	
0.444489	-0.0829777	0.35302	1	
error feature
0.00569942	
0.00567068	
0.00506951	
0.00309827	
