camera velocity
3.40026e-05	-0.000262379	0.000490285	-0.00142823	-3.4456e-05	0.00205232	
2.00282e-05	-0.000230455	0.000492515	-0.00135448	-5.0003e-06	0.00208157	
2.40887e-05	-0.000309179	0.000544833	-0.00156498	-3.75889e-05	0.00195103	
-1.31605e-05	-0.000407926	0.000557524	-0.00182141	3.44817e-06	0.00181686	
-5.01348e-05	-0.000388865	0.000663606	-0.00177273	9.45058e-05	0.00162799	
-3.14816e-05	-0.000431811	0.000728423	-0.00189997	1.69017e-05	0.00149216	
-4.49767e-05	-0.000447586	0.000809729	-0.00194068	4.1414e-05	0.00131272	
-5.07943e-05	-0.000440086	0.000893627	-0.00192737	3.88757e-05	0.00113956	
-8.69466e-05	-0.000442557	0.000983055	-0.00195051	9.38822e-05	0.0009965	
-9.96465e-05	-0.000426106	0.00106562	-0.00190478	0.000113248	0.000818476	
-0.000121907	-0.000409644	0.00118699	-0.00188339	0.000130442	0.000701424	
-0.00013839	-0.000373798	0.0012917	-0.00178395	0.000162862	0.000523318	
-0.000175304	-0.000325782	0.00140025	-0.00167976	0.000219772	0.00043764	
-0.000163104	-0.000233492	0.00149897	-0.00143693	0.000206457	0.000396427	
-0.000192841	-0.000209313	0.00160243	-0.00138145	0.000250125	0.000325716	
-0.000182284	-0.000143978	0.00170353	-0.0012121	0.000224921	0.000262053	
-0.000211346	-7.78603e-05	0.00179646	-0.00104911	0.000285552	0.000278774	
-0.000215473	-8.74525e-06	0.00192919	-0.00086414	0.000290257	0.000233245	
-0.000231069	6.421e-05	0.00204141	-0.00068547	0.000316524	0.000222367	
-0.000239675	0.000110718	0.00214122	-0.000551668	0.000333098	0.000155917	
-0.00022765	0.000192328	0.00227169	-0.000348653	0.000304932	0.000264762	
-0.000240873	0.000239599	0.0023701	-0.000231035	0.00033581	0.000311179	
-0.000219418	0.000265673	0.00245911	-0.000152617	0.000287257	0.000350547	
-0.0002395	0.000322396	0.00256929	-1.09618e-06	0.000321481	0.000441286	
-0.000237098	0.000365505	0.00269469	0.000107768	0.000308614	0.000599972	
-0.000226565	0.000392499	0.00280143	0.000172675	0.000268125	0.000727299	
-0.000218747	0.000430588	0.00294462	0.000272241	0.000239373	0.000928664	
-0.000191909	0.000480887	0.00309244	0.000395225	0.000153329	0.00114304	
-0.000215053	0.0004433	0.00315791	0.000326203	0.000181224	0.00133485	
-0.000162608	0.000472203	0.00331652	0.000380804	3.52917e-05	0.00169102	
-0.000199047	0.000428919	0.00349933	0.000268135	6.73647e-05	0.00196233	
-0.000112342	0.000362632	0.0036171	9.255e-05	-0.000177687	0.00237094	
-1.03577e-05	0.000300261	0.00391159	-0.000125913	-0.000473305	0.00291847	
-3.88205e-05	0.000176895	0.00407049	-0.000471096	-0.000473642	0.00332808	
-2.98096e-05	8.06943e-06	0.00424696	-0.000936737	-0.000567877	0.00377935	
-5.02407e-05	-0.000201244	0.00443419	-0.00153494	-0.000599779	0.00430423	
-0.00011475	-0.000369387	0.0045583	-0.00203081	-0.000513631	0.00487168	
-0.000175328	-0.000988721	0.00327651	-0.00383179	-0.000309331	0.00467159	
-0.000534427	-0.00131476	0.00345586	-0.00478389	0.000452738	0.00537797	
-0.000613562	-0.00172135	0.00378496	-0.00595417	0.000540905	0.00616407	
-0.000725854	-0.00184501	0.00410396	-0.00629611	0.000692951	0.00701857	
-0.000779739	-0.00162048	0.00419181	-0.00564459	0.000769527	0.00738896	
-0.00110537	-0.00108122	0.00426986	-0.00407335	0.00152238	0.00740567	
-0.00111929	-0.000386929	0.00419143	-0.00204145	0.00154406	0.00699705	
-0.00103565	0.000112944	0.00409794	-0.000511567	0.00135833	0.00636487	
-0.000812675	0.00040752	0.00392791	0.000437363	0.000812009	0.00565519	
-0.000797922	0.000471645	0.00377828	0.000739569	0.000795126	0.00495294	
-0.00053238	0.000418886	0.00358353	0.000673311	0.000146314	0.00432048	
-0.000384705	0.000165	0.00343129	5.83306e-05	-0.000194636	0.00379723	
-0.000221522	-0.000303349	0.00319725	-0.00113047	-0.000535532	0.00330537	
-0.000328206	-0.000574577	0.0029684	-0.00184134	-0.000223754	0.00298483	
-0.000374539	-0.000828322	0.00269769	-0.00254494	-3.34277e-05	0.00272714	
-0.00097795	-0.000942989	0.00239651	-0.00288814	0.00161079	0.00236935	
-0.0010698	-0.000962662	0.00210123	-0.0029555	0.00192246	0.00220762	
-0.00116888	-0.00093462	0.00183679	-0.00282916	0.0022942	0.00206365	
-0.00123527	-0.000864019	0.0016349	-0.00262474	0.00256614	0.0019115	
-0.00122413	-0.000830766	0.00145526	-0.00251137	0.0026134	0.00178267	
-0.00118929	-0.000792509	0.00133719	-0.00242898	0.0025584	0.00167093	
-0.00114103	-0.000796651	0.00118284	-0.00241234	0.0024849	0.00158259	
-0.00111745	-0.000765622	0.00109051	-0.00233839	0.00246024	0.00148175	
-0.00106909	-0.000712837	0.00099879	-0.00220027	0.0023742	0.00135834	
-0.00103651	-0.000686324	0.000916496	-0.00212547	0.0023264	0.00127404	
-0.000928304	-0.000743021	0.000805164	-0.00227962	0.00208204	0.00121444	
-0.000927415	-0.000708215	0.000749786	-0.00219321	0.00211368	0.0011226	
-0.00087601	-0.000698622	0.000679655	-0.00218136	0.00200673	0.00105593	
-0.000815759	-0.000706038	0.000621575	-0.0022406	0.00188738	0.00100134	
-0.000785539	-0.000655154	0.000580662	-0.00210909	0.00181109	0.000936154	
-0.000722818	-0.000681941	0.000523424	-0.00220064	0.00166947	0.00089775	
-0.000704528	-0.000696802	0.000465213	-0.00224163	0.00165294	0.000857107	
-0.00059759	-0.000725103	0.000415488	-0.00231476	0.00137751	0.000767394	
-0.000505628	-0.000793741	0.000346351	-0.00251843	0.00115231	0.0007396	
-0.000520071	-0.000699627	0.000331445	-0.00224904	0.00121819	0.000680357	
-0.000479199	-0.000686962	0.000296762	-0.00223382	0.00112067	0.000643476	
-0.000444186	-0.000690615	0.000264342	-0.0022455	0.00104479	0.000606776	
-0.000422688	-0.000644793	0.000248255	-0.00211945	0.000998221	0.000561258	
-0.000417744	-0.00063035	0.000224434	-0.00207071	0.000990505	0.000529868	
-0.000347761	-0.000674468	0.000178575	-0.00219568	0.000809637	0.000501231	
-0.000320904	-0.00065618	0.000152851	-0.00213596	0.000735149	0.000461453	
-0.000310703	-0.000678023	0.000126959	-0.00220552	0.00071287	0.000432626	
-0.000287225	-0.000660337	0.000112686	-0.00215596	0.000631009	0.000396505	
-0.000296927	-0.000576532	0.000112923	-0.00194465	0.000648675	0.000384455	
-0.000257907	-0.000575016	8.61418e-05	-0.00192899	0.000568837	0.000347392	
-0.000214421	-0.000552372	7.30393e-05	-0.00188908	0.000448026	0.000335646	
-0.000181913	-0.000538933	5.84339e-05	-0.00184871	0.000380165	0.000312108	
-0.000161201	-0.000557299	4.10521e-05	-0.00190237	0.000329534	0.000282676	
-0.000136624	-0.000541002	1.90292e-05	-0.00184319	0.000268676	0.000244334	
-9.27846e-05	-0.000548865	-2.00085e-06	-0.0018624	0.000161358	0.000221885	
-9.76852e-05	-0.000496231	9.326e-07	-0.00171202	0.000191298	0.000193306	
-8.67984e-05	-0.000477035	-8.24329e-06	-0.00163983	0.000177371	0.000180002	
-5.24576e-05	-0.000489181	-2.51701e-05	-0.00167304	0.000100974	0.000163336	
-2.11313e-05	-0.000474689	-3.82512e-05	-0.00162611	-4.40323e-06	0.000160307	
-3.73328e-05	-0.000417014	-3.19483e-05	-0.00146489	5.24318e-05	0.000168515	
-7.34677e-05	-0.000347013	-1.01381e-05	-0.00127304	0.000165534	0.000170302	
-4.12088e-05	-0.000366441	-2.97752e-05	-0.00131733	6.40662e-05	0.000148718	
2.31671e-05	-0.000415706	-5.63135e-05	-0.00144419	-9.89117e-05	0.000132033	
6.9612e-06	-0.000352934	-4.37868e-05	-0.00129079	-5.5968e-05	0.000112771	
4.21535e-06	-0.000351825	-4.58907e-05	-0.00127497	-5.52847e-05	0.000105169	
3.05852e-06	-0.000332881	-5.07541e-05	-0.00121413	-5.45448e-05	9.7517e-05	
3.26148e-05	-0.00034846	-6.64809e-05	-0.001265	-0.000129613	8.34825e-05	
1.76995e-05	-0.000317022	-5.44739e-05	-0.00117048	-8.56385e-05	8.91175e-05	
3.83124e-06	-0.0002767	-4.62216e-05	-0.00103268	-5.47197e-05	9.0184e-05	
3.70838e-05	-0.000317775	-6.63228e-05	-0.0011463	-0.000153728	7.41188e-05	
4.53736e-05	-0.00031554	-7.23646e-05	-0.00113236	-0.000169901	5.82879e-05	
2.07297e-05	-0.000275179	-5.88602e-05	-0.00101462	-0.000102804	5.50441e-05	
5.18539e-05	-0.000293968	-7.53151e-05	-0.00105086	-0.000189296	5.00441e-05	
1.94286e-05	-0.000225382	-5.31666e-05	-0.000856898	-9.62983e-05	5.13545e-05	
2.81049e-05	-0.000241569	-6.02941e-05	-0.000902041	-0.000120933	4.98642e-05	
3.64932e-05	-0.000243842	-6.29855e-05	-0.000910109	-0.000158291	4.86446e-05	
2.59545e-05	-0.000215697	-6.05034e-05	-0.000818902	-0.00012986	3.76178e-05	
8.0605e-05	-0.000290076	-9.07095e-05	-0.0010117	-0.000276319	2.40007e-05	
5.19071e-05	-0.000199833	-6.30819e-05	-0.000760732	-0.000207723	3.84125e-05	
3.90007e-05	-0.000196177	-5.64394e-05	-0.000756512	-0.000159802	2.88944e-05	
3.39442e-05	-0.000179393	-5.22411e-05	-0.000714977	-0.000134742	2.611e-05	
6.02635e-05	-0.000207971	-6.54857e-05	-0.000789001	-0.000208836	2.63027e-05	
4.92148e-05	-0.000196443	-6.54335e-05	-0.000748616	-0.000182194	2.10621e-05	
5.55007e-05	-0.00018875	-6.46269e-05	-0.000726155	-0.000200288	2.07154e-05	
4.96254e-05	-0.00015881	-5.67867e-05	-0.000637277	-0.000176192	2.56994e-05	
6.0212e-05	-0.000182457	-6.83896e-05	-0.000696627	-0.000216039	2.58303e-05	
2.03737e-05	-0.000110077	-3.8338e-05	-0.000507545	-9.52614e-05	4.0801e-05	
5.62087e-05	-0.000145942	-5.16983e-05	-0.000601573	-0.000210197	2.43684e-05	
5.29373e-05	-0.000128238	-5.17297e-05	-0.000535854	-0.000187364	2.44573e-05	
7.92804e-05	-0.000168252	-6.38695e-05	-0.00064039	-0.000264965	2.97134e-05	
3.21284e-05	-0.000102028	-3.48083e-05	-0.000451827	-0.000129644	3.98417e-05	
3.16078e-05	-0.000112685	-4.34452e-05	-0.000471749	-0.000144974	3.21204e-05	
2.85934e-05	-9.53874e-05	-4.45659e-05	-0.000409298	-0.000119213	2.44058e-05	
5.84513e-05	-0.000142735	-5.92814e-05	-0.000543777	-0.000200586	1.45333e-05	
3.58597e-05	-0.000111945	-4.80192e-05	-0.000453442	-0.000142964	1.43869e-05	
2.47926e-06	-5.2494e-05	-2.89025e-05	-0.000280375	-4.7146e-05	2.0424e-05	
1.25092e-05	-8.12497e-05	-3.72052e-05	-0.000349182	-7.26622e-05	1.90317e-05	
2.89042e-05	-0.000115002	-5.03134e-05	-0.000430051	-0.000125168	1.12276e-05	
2.07445e-05	-8.94433e-05	-3.87547e-05	-0.00035475	-0.00010173	1.34485e-05	
6.41902e-05	-0.000113701	-5.15591e-05	-0.000424984	-0.000226817	7.0868e-06	
6.56442e-05	-0.000111141	-5.16684e-05	-0.000406403	-0.000210635	1.1754e-05	
5.9657e-05	-9.74471e-05	-4.60555e-05	-0.000374808	-0.000204709	6.41253e-06	
4.92385e-05	-0.000100344	-4.50423e-05	-0.000375423	-0.000165613	1.64412e-05	
2.72066e-05	-6.50378e-05	-3.09612e-05	-0.000267478	-0.000107124	2.32055e-06	
4.0714e-05	-7.52732e-05	-3.32858e-05	-0.000305572	-0.000154061	1.96141e-05	
4.36509e-05	-6.35776e-05	-2.62156e-05	-0.00027591	-0.000144488	1.2597e-05	
3.72636e-05	-5.89134e-05	-2.14966e-05	-0.000271191	-0.000133808	1.80728e-05	
1.26747e-05	-3.7002e-05	-1.51821e-05	-0.000200398	-5.76275e-05	2.66707e-05	
4.57844e-05	-7.62897e-05	-3.00302e-05	-0.000312556	-0.000153698	3.5019e-05	
4.15808e-05	-5.50917e-05	-2.48037e-05	-0.000247113	-0.000132255	2.25577e-05	
4.14647e-05	-5.95692e-05	-2.9142e-05	-0.000247366	-0.000148393	2.19452e-05	
2.25971e-05	-1.72903e-05	-1.18317e-05	-0.000134869	-9.53736e-05	4.3716e-05	
6.13239e-05	-7.73351e-05	-2.69115e-05	-0.000301098	-0.000193438	2.78846e-05	
7.17918e-05	-7.2365e-05	-3.81248e-05	-0.000260827	-0.000222998	-1.25788e-05	
5.61138e-05	-5.748e-05	-3.44563e-05	-0.000227069	-0.000181182	-9.1546e-06	
6.16185e-05	-6.44932e-05	-3.51825e-05	-0.000242958	-0.000192914	-1.38353e-05	
4.80825e-05	-5.44755e-05	-3.12124e-05	-0.000214153	-0.000160938	-1.65871e-05	
1.17893e-05	-5.25499e-05	-1.50784e-05	-0.000213176	-5.32536e-05	1.43929e-05	
5.15116e-05	-4.98699e-05	-2.99266e-05	-0.000190094	-0.000170827	-1.59321e-05	
2.55159e-05	-3.08947e-05	-2.71538e-05	-0.000139219	-9.7791e-05	-1.83174e-05	
5.36804e-05	-5.83414e-05	-2.75366e-05	-0.000221024	-0.000179184	-2.95504e-05	
2.94849e-05	-3.88684e-05	-2.25276e-05	-0.000169078	-0.00011124	-1.15687e-05	
4.94224e-05	-5.24992e-05	-2.06417e-05	-0.000209975	-0.000163134	-1.70487e-05	
4.51315e-05	-4.6058e-05	-2.24609e-05	-0.000191234	-0.000147447	-2.44479e-05	
3.7101e-05	-4.3928e-05	-2.6788e-05	-0.0001773	-0.000141721	-2.20862e-05	
2.43407e-05	-3.36326e-05	-1.68844e-05	-0.000159413	-9.77408e-05	-1.66685e-05	
2.64227e-05	-3.43715e-05	-1.30167e-05	-0.000156764	-9.82028e-05	-2.73183e-05	
3.73344e-05	-4.18747e-05	-1.36121e-05	-0.000178547	-0.000138676	-2.34135e-05	
3.15516e-05	-3.84921e-05	-1.29172e-05	-0.000162369	-0.000111915	-2.44699e-05	
1.39457e-05	-3.26712e-05	-1.6511e-05	-0.000142044	-6.61476e-05	-9.62032e-06	
4.01254e-05	-7.00824e-07	-2.38801e-05	-4.59519e-05	-0.000137057	-4.93127e-06	
3.31568e-05	-1.33298e-05	-2.63276e-05	-7.71761e-05	-0.000137827	-9.77985e-06	
6.42596e-06	-2.71609e-05	-1.77829e-05	-0.000115488	-6.60829e-05	-6.23782e-06	
1.7939e-05	7.02475e-06	-2.77561e-05	-8.65854e-06	-9.39156e-05	6.15564e-06	
2.47936e-05	7.34013e-06	-2.20116e-05	-1.64413e-05	-0.000108881	2.2663e-05	
2.04127e-05	-2.17663e-06	-2.58289e-05	-4.08887e-05	-0.000100452	3.22132e-05	
2.27485e-05	-2.33635e-05	-1.71866e-05	-9.06452e-05	-0.000117369	-1.15597e-05	
1.24247e-05	1.78659e-05	-3.57002e-05	3.88864e-05	-6.09397e-05	2.76184e-05	
1.36197e-05	7.18745e-06	-2.11578e-05	-1.63845e-05	-6.8133e-05	1.20478e-05	
1.07969e-05	1.21306e-05	-2.08224e-05	-2.20426e-06	-6.20561e-05	1.4248e-05	
-1.05895e-07	2.0442e-05	-2.28777e-05	2.12688e-05	-3.26398e-05	2.4812e-05	
1.58561e-05	2.57118e-05	-2.55565e-05	4.36776e-05	-5.85419e-05	2.50615e-05	
1.61166e-05	2.84363e-05	-2.57938e-05	5.08078e-05	-5.95961e-05	2.51107e-05	
1.43334e-05	2.93919e-05	-2.59195e-05	5.37341e-05	-5.47568e-05	2.70357e-05	
1.41085e-05	2.9796e-05	-2.47817e-05	5.31134e-05	-5.37594e-05	2.66629e-05	
1.45602e-05	2.91125e-05	-2.35309e-05	5.54508e-05	-5.46439e-05	2.94574e-05	
1.54617e-05	2.57404e-05	-2.50059e-05	5.38473e-05	-4.47712e-05	2.62174e-05	
1.48605e-05	2.41497e-05	-1.13244e-05	3.73217e-05	-3.6955e-05	2.72862e-05	
1.46492e-05	2.58614e-05	-1.12094e-05	4.18194e-05	-3.72823e-05	2.64829e-05	
1.45686e-05	1.54683e-05	-1.00453e-06	1.81172e-06	-3.32006e-05	2.15966e-05	
1.09543e-05	2.14351e-05	-9.45819e-07	1.71702e-05	-2.55474e-05	2.36489e-05	
1.25554e-05	2.09362e-05	-6.59487e-07	1.54769e-05	-2.82228e-05	2.09439e-05	
1.07918e-05	1.38098e-05	-1.19256e-05	4.1788e-05	-3.43883e-05	2.9059e-05	
camera pose
0.101567	-0.967575	0.231262	0.368534	
-0.994338	-0.0914326	0.0541533	-0.0335596	
-0.0312525	-0.235453	-0.971383	0.640417	
0	0	0	1	
0.10156	-0.967578	0.231256	0.368533	
-0.994338	-0.0914259	0.0541548	-0.0335605	
-0.0312562	-0.235447	-0.971385	0.640415	
0	0	0	1	
0.0990858	-0.968367	0.229014	0.369253	
-0.994565	-0.0889792	0.0540698	-0.0337256	
-0.0319819	-0.233127	-0.97192	0.639563	
0	0	0	1	
0.0953469	-0.969267	0.226781	0.369985	
-0.9949	-0.0852551	0.0539095	-0.0339727	
-0.0329184	-0.230765	-0.972453	0.638699	
0	0	0	1	
0.0914513	-0.970318	0.223875	0.370921	
-0.995231	-0.0813941	0.0537668	-0.0342195	
-0.0339489	-0.227724	-0.973134	0.63758	
0	0	0	1	
0.0883665	-0.971327	0.220717	0.371945	
-0.995477	-0.0783585	0.0537119	-0.0342512	
-0.0348767	-0.224465	-0.973858	0.636592	
0	0	0	1	
0.0852981	-0.972284	0.217686	0.37301	
-0.99572	-0.0753833	0.0534671	-0.0342142	
-0.0355754	-0.221315	-0.974553	0.635495	
0	0	0	1	
0.0828454	-0.973303	0.214051	0.374169	
-0.995917	-0.0731309	0.052925	-0.0341771	
-0.0358582	-0.217562	-0.975388	0.634111	
0	0	0	1	
0.080507	-0.974292	0.210412	0.375355	
-0.996077	-0.0708588	0.0530103	-0.0340081	
-0.036738	-0.213854	-0.976174	0.632708	
0	0	0	1	
0.0781188	-0.975207	0.207047	0.376626	
-0.996275	-0.0687569	0.0520441	-0.0340481	
-0.0365179	-0.210341	-0.976946	0.631254	
0	0	0	1	
0.076432	-0.976115	0.203366	0.377821	
-0.996376	-0.0671406	0.0522121	-0.0337273	
-0.0373109	-0.20662	-0.97771	0.629419	
0	0	0	1	
0.0748753	-0.976995	0.199688	0.379035	
-0.996512	-0.0659119	0.0511732	-0.03358	
-0.0368341	-0.202823	-0.978522	0.627422	
0	0	0	1	
0.073614	-0.977809	0.19614	0.380331	
-0.996585	-0.0647488	0.0512421	-0.0331516	
-0.0374052	-0.199242	-0.979236	0.625197	
0	0	0	1	
0.0726648	-0.978519	0.192926	0.381543	
-0.996661	-0.0640212	0.0506732	-0.0327691	
-0.0372333	-0.195964	-0.979904	0.622829	
0	0	0	1	
0.0718506	-0.97917	0.189904	0.382727	
-0.996726	-0.0634111	0.0501574	-0.0322942	
-0.0370706	-0.192886	-0.980521	0.620277	
0	0	0	1	
0.0708474	-0.979735	0.187352	0.383757	
-0.996813	-0.0626374	0.0493914	-0.0319376	
-0.0366552	-0.190254	-0.98105	0.61749	
0	0	0	1	
0.0702245	-0.980236	0.184949	0.384741	
-0.996864	-0.0621801	0.0489493	-0.0314085	
-0.0364817	-0.187806	-0.981528	0.614581	
0	0	0	1	
0.0695371	-0.980722	0.182616	0.385641	
-0.996937	-0.0617472	0.0480091	-0.0309977	
-0.0358076	-0.185395	-0.982011	0.611364	
0	0	0	1	
0.0689661	-0.981186	0.180326	0.386622	
-0.996978	-0.0613103	0.0476966	-0.0303904	
-0.0357435	-0.18307	-0.98245	0.607914	
0	0	0	1	
0.0683776	-0.981629	0.178126	0.387507	
-0.997053	-0.0610151	0.0464945	-0.0299533	
-0.034772	-0.18078	-0.982909	0.604153	
0	0	0	1	
0.0680312	-0.981893	0.176798	0.388143	
-0.997076	-0.0607344	0.0463673	-0.029236	
-0.03479	-0.179435	-0.983154	0.60033	
0	0	0	1	
0.0676162	-0.98209	0.175859	0.388615	
-0.997136	-0.0605348	0.045331	-0.0286993	
-0.0338735	-0.178421	-0.983371	0.596447	
0	0	0	1	
0.0669767	-0.982265	0.175126	0.388989	
-0.997194	-0.0600163	0.0447496	-0.0281608	
-0.0334456	-0.177632	-0.983529	0.592286	
0	0	0	1	
0.0661556	-0.982369	0.174855	0.389341	
-0.997264	-0.0593051	0.0441233	-0.0276097	
-0.0329756	-0.177296	-0.983605	0.587934	
0	0	0	1	
0.0654725	-0.982464	0.174579	0.389665	
-0.997323	-0.058719	0.0435784	-0.0270522	
-0.0325631	-0.176965	-0.983678	0.583399	
0	0	0	1	
0.0645375	-0.982524	0.174591	0.389875	
-0.997392	-0.0578415	0.0431783	-0.026472	
-0.0323251	-0.176922	-0.983694	0.578755	
0	0	0	1	
0.0635443	-0.982576	0.174659	0.390031	
-0.99747	-0.0569401	0.0425712	-0.0259013	
-0.0318844	-0.176922	-0.983708	0.573953	
0	0	0	1	
0.062148	-0.982598	0.175042	0.390203	
-0.997558	-0.0555537	0.0423288	-0.0253559	
-0.0318679	-0.177245	-0.983651	0.568773	
0	0	0	1	
0.0604659	-0.982601	0.17561	0.390327	
-0.997668	-0.0539102	0.0418688	-0.0248536	
-0.0316731	-0.177732	-0.983569	0.563301	
0	0	0	1	
0.058428	-0.982608	0.176258	0.390396	
-0.997781	-0.0518345	0.0417871	-0.0244454	
-0.0319241	-0.178308	-0.983457	0.557853	
0	0	0	1	
0.0559352	-0.982666	0.176743	0.390592	
-0.997929	-0.0493923	0.0412079	-0.0240583	
-0.0317639	-0.178682	-0.983394	0.551978	
0	0	0	1	
0.0527309	-0.98271	0.177482	0.390769	
-0.998083	-0.0460979	0.0412939	-0.0237478	
-0.0323984	-0.179319	-0.983257	0.545965	
0	0	0	1	
0.0492403	-0.982835	0.177797	0.391126	
-0.998236	-0.042516	0.0414364	-0.0233069	
-0.0331659	-0.179524	-0.983194	0.53936	
0	0	0	1	
0.045191	-0.982997	0.177975	0.391642	
-0.998401	-0.0383875	0.0414889	-0.0231121	
-0.0339514	-0.179566	-0.98316	0.53263	
0	0	0	1	
0.0403259	-0.983334	0.177282	0.392417	
-0.99858	-0.0334781	0.0414504	-0.0231836	
-0.0348245	-0.178701	-0.983287	0.525153	
0	0	0	1	
0.0347081	-0.983686	0.176513	0.393492	
-0.998733	-0.027699	0.0420194	-0.0232276	
-0.0364447	-0.177748	-0.983401	0.517867	
0	0	0	1	
0.0278554	-0.984025	0.17584	0.39467	
-0.998857	-0.0205643	0.0431516	-0.0233539	
-0.0388462	-0.176841	-0.983473	0.510377	
0	0	0	1	
0.0205034	-0.984637	0.173406	0.396524	
-0.998952	-0.0130763	0.0438651	-0.0234548	
-0.0409237	-0.174123	-0.983873	0.502373	
0	0	0	1	
0.0120903	-0.985391	0.169877	0.398756	
-0.998989	-0.00454797	0.0447183	-0.023437	
-0.0432925	-0.170246	-0.98445	0.494225	
0	0	0	1	
0.0028906	-0.986638	0.162901	0.401797	
-0.998979	0.00449566	0.044955	-0.0237441	
-0.0450867	-0.162865	-0.985618	0.488036	
0	0	0	1	
-0.00686259	-0.987949	0.154625	0.405527	
-0.998922	0.0138709	0.0442912	-0.0230391	
-0.0459023	-0.154154	-0.98698	0.481825	
0	0	0	1	
-0.0182058	-0.989387	0.144158	0.410096	
-0.998757	0.0246879	0.0433043	-0.0224019	
-0.0464036	-0.14319	-0.988607	0.475008	
0	0	0	1	
-0.0316402	-0.990705	0.132295	0.41513	
-0.998381	0.0375859	0.0426894	-0.0214807	
-0.047265	-0.13073	-0.990291	0.467156	
0	0	0	1	
-0.0448434	-0.991488	0.122232	0.419475	
-0.997872	0.050253	0.0415381	-0.0206554	
-0.047327	-0.120109	-0.991632	0.459519	
0	0	0	1	
-0.0595491	-0.991684	0.114087	0.422876	
-0.997099	0.0645196	0.040379	-0.0189941	
-0.0474041	-0.111352	-0.99265	0.451199	
0	0	0	1	
-0.0723528	-0.991292	0.110023	0.424639	
-0.9963	0.0769638	0.0382513	-0.0173805	
-0.046386	-0.106848	-0.993193	0.443535	
0	0	0	1	
-0.084127	-0.990469	0.109062	0.425409	
-0.995433	0.0884927	0.0358184	-0.0159815	
-0.0451282	-0.105551	-0.993389	0.436257	
0	0	0	1	
-0.0946446	-0.989439	0.109785	0.425521	
-0.994499	0.0989432	0.0343791	-0.0147386	
-0.0448785	-0.105927	-0.993361	0.429176	
0	0	0	1	
-0.103748	-0.988402	0.110895	0.425477	
-0.99361	0.10798	0.0328534	-0.0135449	
-0.0444469	-0.106778	-0.993289	0.422382	
0	0	0	1	
-0.111799	-0.987409	0.111913	0.425443	
-0.992705	0.116089	0.032553	-0.0127395	
-0.045135	-0.107457	-0.993185	0.4158	
0	0	0	1	
-0.11848	-0.986606	0.11212	0.42588	
-0.991912	0.122777	0.0322025	-0.012286	
-0.0455369	-0.107398	-0.993173	0.409381	
0	0	0	1	
-0.123885	-0.986161	0.110177	0.427136	
-0.991212	0.128174	0.0327087	-0.0122015	
-0.0463779	-0.105157	-0.993374	0.403562	
0	0	0	1	
-0.129232	-0.985817	0.107073	0.428944	
-0.99049	0.133472	0.03339	-0.0119764	
-0.0472077	-0.10174	-0.99369	0.398132	
0	0	0	1	
-0.134127	-0.985651	0.102483	0.431155	
-0.989828	0.138206	0.033763	-0.011723	
-0.0474422	-0.0969118	-0.994162	0.393071	
0	0	0	1	
-0.139	-0.98559	0.0963908	0.433521	
-0.989224	0.142711	0.032713	-0.0101352	
-0.0459976	-0.0908049	-0.994806	0.388356	
0	0	0	1	
-0.143821	-0.98545	0.0905715	0.436059	
-0.988649	0.147098	0.0305747	-0.00851308	
-0.0434527	-0.0851461	-0.995421	0.384435	
0	0	0	1	
-0.147628	-0.985391	0.0849094	0.438242	
-0.988232	0.150439	0.0276767	-0.00675217	
-0.040046	-0.0798243	-0.996004	0.381095	
0	0	0	1	
-0.151446	-0.985269	0.0794307	0.440596	
-0.98784	0.15372	0.0233077	-0.00480905	
-0.0351745	-0.0749349	-0.996568	0.378001	
0	0	0	1	
-0.155064	-0.985131	0.0739754	0.442858	
-0.987439	0.156855	0.0190178	-0.00278178	
-0.0303385	-0.0700972	-0.997079	0.375147	
0	0	0	1	
-0.15855	-0.984954	0.0687543	0.444899	
-0.987013	0.159932	0.015054	-0.000953901	
-0.0258236	-0.0654746	-0.99752	0.372533	
0	0	0	1	
-0.161455	-0.984791	0.0641745	0.446935	
-0.986643	0.162499	0.0113521	0.000774817	
-0.0216077	-0.0614845	-0.997874	0.37047	
0	0	0	1	
-0.164447	-0.98461	0.0591702	0.448881	
-0.986233	0.165182	0.00770585	0.00253553	
-0.0173611	-0.0570884	-0.998218	0.36831	
0	0	0	1	
-0.167081	-0.984432	0.0545651	0.450674	
-0.985854	0.167553	0.00414974	0.00420567	
-0.0132277	-0.0530999	-0.998502	0.366382	
0	0	0	1	
-0.169602	-0.984237	0.0501159	0.452398	
-0.985471	0.169844	0.000572643	0.00574625	
-0.0090755	-0.0492906	-0.998743	0.364579	
0	0	0	1	
-0.172065	-0.984027	0.0456659	0.454267	
-0.98507	0.172135	-0.00242957	0.00712232	
-0.00546993	-0.0454021	-0.998954	0.362946	
0	0	0	1	
-0.174042	-0.983848	0.0418561	0.456063	
-0.984736	0.173968	-0.00542563	0.00850419	
-0.00194362	-0.0421615	-0.999109	0.361582	
0	0	0	1	
-0.176077	-0.983663	0.0374572	0.457759	
-0.984375	0.175881	-0.00849122	0.00975821	
0.00176449	-0.038367	-0.999262	0.360183	
0	0	0	1	
-0.177923	-0.983485	0.0331674	0.459468	
-0.984031	0.177647	-0.011121	0.0109462	
0.00504528	-0.0346165	-0.999388	0.358895	
0	0	0	1	
-0.179783	-0.983286	0.0287449	0.461018	
-0.983673	0.179459	-0.0134935	0.0121213	
0.00810941	-0.0307014	-0.999496	0.357574	
0	0	0	1	
-0.181398	-0.983105	0.0244934	0.462598	
-0.983346	0.181046	-0.0159175	0.0131003	
0.0112141	-0.0269729	-0.999573	0.356453	
0	0	0	1	
-0.183126	-0.982885	0.0200492	0.464207	
-0.98299	0.182778	-0.017993	0.0140269	
0.0140205	-0.0230031	-0.999637	0.355387	
0	0	0	1	
-0.184619	-0.982692	0.0152072	0.465849	
-0.982673	0.184313	-0.0195762	0.0148395	
0.0164345	-0.0185579	-0.999693	0.354299	
0	0	0	1	
-0.185961	-0.982502	0.0104488	0.467528	
-0.982382	0.185716	-0.0208652	0.0153826	
0.0185595	-0.0141448	-0.999728	0.353432	
0	0	0	1	
-0.187251	-0.982292	0.0062368	0.469024	
-0.982098	0.187074	-0.0220733	0.015996	
0.0205157	-0.0102584	-0.999737	0.35265	
0	0	0	1	
-0.18851	-0.98207	0.00163939	0.470532	
-0.981811	0.188421	-0.0233507	0.0165713	
0.0226232	-0.00601141	-0.999726	0.35177	
0	0	0	1	
-0.189511	-0.981875	-0.00274212	0.471972	
-0.98157	0.189521	-0.0245265	0.0170512	
0.0246016	-0.00195646	-0.999695	0.351006	
0	0	0	1	
-0.190299	-0.981701	-0.00705065	0.473351	
-0.981367	0.190418	-0.0256843	0.0175834	
0.0265569	0.00203158	-0.999645	0.350234	
0	0	0	1	
-0.191233	-0.981483	-0.0110279	0.474714	
-0.981133	0.191466	-0.0267922	0.0180702	
0.0284075	0.00569626	-0.99958	0.349607	
0	0	0	1	
-0.191885	-0.981302	-0.0150827	0.476131	
-0.980952	0.192244	-0.0278295	0.0183466	
0.0302087	0.00945539	-0.999499	0.349039	
0	0	0	1	
-0.192546	-0.981101	-0.019156	0.477505	
-0.980765	0.193044	-0.0288678	0.0185158	
0.0320202	0.0132292	-0.9994	0.348475	
0	0	0	1	
-0.193009	-0.980924	-0.023135	0.478918	
-0.980615	0.193653	-0.0298732	0.0187005	
0.0337835	0.0169207	-0.999286	0.347988	
0	0	0	1	
-0.193791	-0.980661	-0.0273592	0.48023	
-0.980434	0.194578	-0.0298052	0.0190038	
0.0345523	0.0210479	-0.999181	0.347405	
0	0	0	1	
-0.194396	-0.980441	-0.0307679	0.481457	
-0.98026	0.195322	-0.0306585	0.0192205	
0.0360684	0.0242006	-0.999056	0.347062	
0	0	0	1	
-0.194973	-0.9802	-0.034561	0.482617	
-0.980113	0.196041	-0.0307767	0.0194921	
0.0369427	0.027873	-0.998929	0.346602	
0	0	0	1	
-0.195489	-0.979967	-0.0380764	0.483722	
-0.979977	0.196693	-0.0309398	0.019588	
0.0378093	0.0312656	-0.998796	0.346195	
0	0	0	1	
-0.196008	-0.979718	-0.0416261	0.484777	
-0.979844	0.197349	-0.0309816	0.0196875	
0.0385682	0.0347144	-0.998653	0.345771	
0	0	0	1	
-0.196526	-0.979463	-0.045046	0.48588	
-0.979713	0.198	-0.0309566	0.019795	
0.03924	0.0380484	-0.998505	0.345462	
0	0	0	1	
-0.197148	-0.979181	-0.0483552	0.486902	
-0.979571	0.198743	-0.0307054	0.0199192	
0.0396764	0.0413138	-0.998358	0.345175	
0	0	0	1	
-0.197443	-0.97894	-0.0519013	0.487953	
-0.979498	0.199162	-0.0303025	0.0200194	
0.0400011	0.0448542	-0.998192	0.344859	
0	0	0	1	
-0.197562	-0.978754	-0.0548609	0.488954	
-0.979459	0.199389	-0.0300527	0.0201402	
0.0403529	0.0477967	-0.998042	0.344671	
0	0	0	1	
-0.19807	-0.978479	-0.0578488	0.489835	
-0.979333	0.200017	-0.0299981	0.0200151	
0.0409233	0.0507116	-0.997875	0.344391	
0	0	0	1	
-0.198425	-0.978226	-0.0608407	0.490807	
-0.979265	0.200456	-0.0292716	0.0198895	
0.0408301	0.0537709	-0.997718	0.344205	
0	0	0	1	
-0.198568	-0.978026	-0.063536	0.491737	
-0.979237	0.200678	-0.0287036	0.0198302	
0.0408231	0.0565172	-0.997567	0.344107	
0	0	0	1	
-0.199034	-0.97775	-0.0662568	0.492495	
-0.979132	0.201237	-0.0283573	0.0196328	
0.0410596	0.0592301	-0.9974	0.343893	
0	0	0	1	
-0.199044	-0.977587	-0.0685984	0.493216	
-0.979121	0.201327	-0.0280884	0.0197414	
0.0412695	0.0615753	-0.997249	0.343733	
0	0	0	1	
-0.199559	-0.977312	-0.0709711	0.493945	
-0.979005	0.201925	-0.027829	0.0195574	
0.0415285	0.0639276	-0.99709	0.343601	
0	0	0	1	
-0.199762	-0.977066	-0.0737308	0.49467	
-0.978968	0.202199	-0.0271446	0.0192726	
0.0414304	0.0667577	-0.996909	0.34341	
0	0	0	1	
-0.200147	-0.976809	-0.0760561	0.495359	
-0.9789	0.202629	-0.0263833	0.0191165	
0.0411826	0.0691708	-0.996754	0.343292	
0	0	0	1	
-0.200295	-0.976598	-0.0783531	0.496059	
-0.978869	0.202841	-0.0259233	0.0189105	
0.0412098	0.071505	-0.996589	0.343183	
0	0	0	1	
-0.200463	-0.976384	-0.0805567	0.496681	
-0.978835	0.203064	-0.0254207	0.018798	
0.0411785	0.0737558	-0.996426	0.343088	
0	0	0	1	
-0.200674	-0.976164	-0.0826685	0.497339	
-0.978801	0.203313	-0.0247605	0.0185697	
0.0409778	0.0759472	-0.996269	0.343049	
0	0	0	1	
-0.200759	-0.975962	-0.0848171	0.49792	
-0.978782	0.203455	-0.0243431	0.0183255	
0.0410143	0.0781303	-0.996099	0.342914	
0	0	0	1	
-0.200851	-0.97579	-0.0865547	0.498469	
-0.97877	0.203576	-0.023802	0.0182679	
0.0408462	0.0799364	-0.995963	0.342902	
0	0	0	1	
-0.201134	-0.975541	-0.0886852	0.499025	
-0.978724	0.203884	-0.023034	0.0180082	
0.0405521	0.0821654	-0.995793	0.34278	
0	0	0	1	
-0.201302	-0.975326	-0.0906481	0.49966	
-0.978704	0.204067	-0.022249	0.0177416	
0.0401983	0.0842389	-0.995634	0.342725	
0	0	0	1	
-0.201373	-0.975149	-0.0923769	0.500141	
-0.978697	0.20416	-0.0216838	0.0176421	
0.0400046	0.0860425	-0.995488	0.342666	
0	0	0	1	
-0.201512	-0.974962	-0.094036	0.500742	
-0.978684	0.204302	-0.0209509	0.0173772	
0.0396381	0.0878096	-0.995348	0.342683	
0	0	0	1	
-0.201248	-0.974874	-0.0954976	0.501156	
-0.97873	0.204088	-0.020872	0.0172787	
0.0398376	0.0892659	-0.995211	0.342637	
0	0	0	1	
-0.201662	-0.974619	-0.0972157	0.501549	
-0.978663	0.204495	-0.0200201	0.0171053	
0.0393922	0.0911041	-0.995062	0.342516	
0	0	0	1	
-0.201627	-0.974503	-0.0984398	0.50208	
-0.978686	0.204447	-0.0193519	0.0169948	
0.0389842	0.0924398	-0.994955	0.342611	
0	0	0	1	
-0.201786	-0.97431	-0.100011	0.502454	
-0.978655	0.204633	-0.0189762	0.0167702	
0.0389543	0.0940476	-0.994805	0.342522	
0	0	0	1	
-0.201915	-0.974124	-0.101548	0.50295	
-0.97865	0.204736	-0.0180613	0.0165812	
0.0383847	0.0957336	-0.994667	0.342556	
0	0	0	1	
-0.202201	-0.973919	-0.102939	0.503316	
-0.978616	0.204984	-0.0171046	0.0164028	
0.0377592	0.0972787	-0.994541	0.342535	
0	0	0	1	
-0.202047	-0.973817	-0.104202	0.503652	
-0.97865	0.204847	-0.0167941	0.0162898	
0.0376998	0.0985842	-0.994414	0.342516	
0	0	0	1	
-0.202319	-0.973609	-0.105602	0.503956	
-0.978606	0.205107	-0.0161364	0.016094	
0.0373703	0.100078	-0.994278	0.342434	
0	0	0	1	
-0.202335	-0.973455	-0.106983	0.504358	
-0.978614	0.205117	-0.0155592	0.0158978	
0.0370902	0.101547	-0.994139	0.342405	
0	0	0	1	
-0.202494	-0.973277	-0.108299	0.504699	
-0.9786	0.205244	-0.0147592	0.0157342	
0.0365925	0.102993	-0.994009	0.342387	
0	0	0	1	
-0.202369	-0.973164	-0.109536	0.505091	
-0.978632	0.205119	-0.014337	0.0155394	
0.0364202	0.104294	-0.993879	0.342392	
0	0	0	1	
-0.202523	-0.973033	-0.110413	0.505431	
-0.978616	0.205239	-0.0136946	0.0153864	
0.0359862	0.105278	-0.993791	0.342497	
0	0	0	1	
-0.202628	-0.972879	-0.111576	0.505733	
-0.9786	0.205343	-0.0132885	0.0151396	
0.0358395	0.106496	-0.993667	0.342486	
0	0	0	1	
-0.20289	-0.972701	-0.112644	0.505927	
-0.978559	0.205578	-0.0126582	0.0150968	
0.0354696	0.10766	-0.993555	0.342396	
0	0	0	1	
-0.202795	-0.972614	-0.11356	0.506212	
-0.978589	0.205463	-0.0121806	0.0149095	
0.0351795	0.108658	-0.993456	0.342431	
0	0	0	1	
-0.202984	-0.972473	-0.114427	0.506433	
-0.978565	0.205615	-0.011552	0.014718	
0.034762	0.109629	-0.993364	0.342463	
0	0	0	1	
-0.202854	-0.972369	-0.115537	0.506713	
-0.9786	0.205471	-0.0110908	0.0144782	
0.0345239	0.110814	-0.993241	0.342425	
0	0	0	1	
-0.20318	-0.972202	-0.116365	0.506886	
-0.978551	0.205746	-0.0103518	0.0144055	
0.0340057	0.111766	-0.993153	0.342399	
0	0	0	1	
-0.203318	-0.972098	-0.116991	0.50713	
-0.97853	0.205862	-0.00996821	0.0143067	
0.0337741	0.112452	-0.993083	0.342473	
0	0	0	1	
-0.203323	-0.972009	-0.11772	0.507298	
-0.978531	0.205869	-0.00975772	0.0141886	
0.0337194	0.113208	-0.992999	0.342501	
0	0	0	1	
-0.203394	-0.971896	-0.118531	0.507601	
-0.978527	0.20591	-0.00924794	0.0139948	
0.0333947	0.114105	-0.992907	0.34254	
0	0	0	1	
-0.203441	-0.971778	-0.119414	0.507733	
-0.97853	0.205922	-0.00868151	0.0139243	
0.0330264	0.115084	-0.992807	0.342486	
0	0	0	1	
-0.203422	-0.971716	-0.119943	0.507769	
-0.978531	0.205917	-0.00865515	0.0139124	
0.0331087	0.115607	-0.992743	0.342455	
0	0	0	1	
-0.203521	-0.971618	-0.12057	0.507953	
-0.978516	0.206001	-0.00834502	0.0137956	
0.0329457	0.116281	-0.99267	0.342477	
0	0	0	1	
-0.203437	-0.971569	-0.121106	0.508214	
-0.978542	0.205891	-0.00797048	0.0136994	
0.0326786	0.116886	-0.992608	0.342547	
0	0	0	1	
-0.203373	-0.971492	-0.12183	0.508383	
-0.978564	0.205802	-0.00756172	0.0137332	
0.032419	0.11768	-0.992522	0.342524	
0	0	0	1	
-0.203603	-0.971375	-0.122377	0.508605	
-0.978527	0.205997	-0.00711233	0.013447	
0.0321181	0.118301	-0.992458	0.342568	
0	0	0	1	
-0.20361	-0.971298	-0.122977	0.508775	
-0.978542	0.205945	-0.00644838	0.0133668	
0.0315898	0.119025	-0.992389	0.34261	
0	0	0	1	
-0.20376	-0.971173	-0.123715	0.508915	
-0.978521	0.206063	-0.00597206	0.0131499	
0.031293	0.119841	-0.9923	0.342566	
0	0	0	1	
-0.20369	-0.971133	-0.124139	0.509099	
-0.978536	0.205994	-0.00587597	0.0130163	
0.0312782	0.120277	-0.992247	0.342625	
0	0	0	1	
-0.203967	-0.971037	-0.124435	0.509294	
-0.978497	0.206198	-0.00518311	0.0129713	
0.0306911	0.120702	-0.992214	0.34273	
0	0	0	1	
-0.20376	-0.971032	-0.124817	0.509418	
-0.978543	0.205982	-0.00502421	0.0128224	
0.0305887	0.121115	-0.992167	0.342787	
0	0	0	1	
-0.203996	-0.970922	-0.125284	0.509512	
-0.978506	0.206169	-0.00448812	0.0127253	
0.0301872	0.121676	-0.992111	0.342735	
0	0	0	1	
-0.203739	-0.970914	-0.125764	0.509668	
-0.978558	0.205924	-0.00448622	0.0126747	
0.0302536	0.122153	-0.99205	0.342742	
0	0	0	1	
-0.204189	-0.970769	-0.126152	0.509741	
-0.978476	0.206324	-0.003954	0.0126163	
0.0298666	0.12263	-0.992003	0.342711	
0	0	0	1	
-0.204027	-0.970723	-0.126767	0.509795	
-0.97851	0.206164	-0.00383277	0.0124385	
0.0298553	0.12326	-0.991925	0.342666	
0	0	0	1	
-0.20437	-0.970595	-0.127192	0.509877	
-0.978447	0.206471	-0.00341936	0.0123498	
0.0295804	0.123752	-0.991872	0.34261	
0	0	0	1	
-0.204233	-0.970562	-0.127668	0.510027	
-0.97849	0.206277	-0.00285438	0.0122807	
0.0291053	0.124339	-0.991813	0.342645	
0	0	0	1	
-0.204373	-0.97047	-0.128137	0.509954	
-0.978468	0.206385	-0.00248384	0.0122943	
0.028856	0.12487	-0.991753	0.342576	
0	0	0	1	
-0.204449	-0.970388	-0.128637	0.510236	
-0.978465	0.206404	-0.00191028	0.0120141	
0.0284049	0.125476	-0.99169	0.342653	
0	0	0	1	
-0.204599	-0.970282	-0.129198	0.510401	
-0.978456	0.206453	-0.000979259	0.0117382	
0.0276235	0.126214	-0.991618	0.342681	
0	0	0	1	
-0.204629	-0.970211	-0.129684	0.510559	
-0.978458	0.206446	-0.000583605	0.0115005	
0.027339	0.126771	-0.991555	0.342718	
0	0	0	1	
-0.20459	-0.97015	-0.130202	0.51073	
-0.97848	0.206341	3.96205e-05	0.0112596	
0.0268276	0.127408	-0.991487	0.342772	
0	0	0	1	
-0.204662	-0.970042	-0.130889	0.510747	
-0.978474	0.206371	0.000519936	0.0111742	
0.0265072	0.128178	-0.991397	0.342703	
0	0	0	1	
-0.204879	-0.969946	-0.131261	0.510929	
-0.978435	0.206553	0.000877942	0.0110556	
0.0262608	0.12861	-0.991347	0.342732	
0	0	0	1	
-0.205049	-0.969873	-0.131532	0.511066	
-0.978412	0.206661	0.00142865	0.0107895	
0.0257968	0.128985	-0.991311	0.342798	
0	0	0	1	
-0.204704	-0.969914	-0.13177	0.511155	
-0.978486	0.206307	0.00151965	0.0107819	
0.0257112	0.129247	-0.991279	0.342866	
0	0	0	1	
-0.204653	-0.969856	-0.132273	0.511335	
-0.978513	0.206172	0.00225431	0.0105857	
0.0250847	0.129893	-0.991211	0.342912	
0	0	0	1	
-0.204809	-0.969762	-0.132718	0.511444	
-0.978489	0.206283	0.00270289	0.0104771	
0.0247562	0.130417	-0.99115	0.342887	
0	0	0	1	
-0.205035	-0.969635	-0.1333	0.51158	
-0.978455	0.206433	0.00339659	0.0102175	
0.024224	0.131124	-0.99107	0.342896	
0	0	0	1	
-0.204704	-0.969652	-0.133683	0.51174	
-0.978531	0.206065	0.00372334	0.0100682	
0.023937	0.131575	-0.991017	0.34292	
0	0	0	1	
-0.204934	-0.969547	-0.134095	0.511825	
-0.978494	0.206229	0.00430924	0.00991706	
0.0234763	0.132094	-0.990959	0.342979	
0	0	0	1	
-0.204787	-0.96954	-0.134364	0.511908	
-0.978526	0.206079	0.00437159	0.00979927	
0.0234511	0.132374	-0.990922	0.343028	
0	0	0	1	
-0.204842	-0.969481	-0.134707	0.51197	
-0.978527	0.206061	0.0049883	0.00974704	
0.0229217	0.132836	-0.990873	0.343031	
0	0	0	1	
-0.204755	-0.96943	-0.135209	0.512044	
-0.978554	0.205918	0.00547595	0.00965417	
0.0225334	0.133431	-0.990802	0.342951	
0	0	0	1	
-0.2047	-0.969363	-0.135772	0.51211	
-0.978575	0.205801	0.00602742	0.00955835	
0.0220992	0.134097	-0.990722	0.342884	
0	0	0	1	
-0.204584	-0.969326	-0.136206	0.512228	
-0.978599	0.205687	0.00608224	0.00940907	
0.0221202	0.134536	-0.990662	0.34286	
0	0	0	1	
-0.204633	-0.969304	-0.136291	0.512223	
-0.978593	0.205711	0.00627566	0.00921663	
0.0219537	0.134658	-0.990649	0.342863	
0	0	0	1	
-0.204802	-0.969215	-0.136671	0.51216	
-0.978572	0.205784	0.00705596	0.00918295	
0.0212859	0.135187	-0.990591	0.342844	
0	0	0	1	
-0.204485	-0.96929	-0.136611	0.512304	
-0.978641	0.205452	0.00713645	0.00918977	
0.0211497	0.135152	-0.990599	0.34306	
0	0	0	1	
-0.204481	-0.969279	-0.136694	0.51229	
-0.978643	0.205444	0.00718004	0.0091642	
0.0211234	0.135242	-0.990587	0.343053	
0	0	0	1	
-0.204569	-0.96925	-0.136769	0.512283	
-0.978626	0.205516	0.00731436	0.00892036	
0.0210187	0.135342	-0.990576	0.343047	
0	0	0	1	
-0.205086	-0.969072	-0.137259	0.512181	
-0.978538	0.205895	0.00842756	0.00904999	
0.020094	0.136041	-0.990499	0.342997	
0	0	0	1	
-0.20508	-0.969133	-0.136832	0.512398	
-0.978543	0.205864	0.00855066	0.00885198	
0.019882	0.135649	-0.990557	0.343332	
0	0	0	1	
-0.205075	-0.969131	-0.136853	0.512394	
-0.978544	0.205858	0.00856005	0.00884749	
0.0198765	0.135672	-0.990554	0.343331	
0	0	0	1	
-0.205038	-0.969131	-0.136911	0.512382	
-0.978553	0.205818	0.00858733	0.0088342	
0.0198565	0.135735	-0.990546	0.343324	
0	0	0	1	
-0.205273	-0.969071	-0.136983	0.512367	
-0.978513	0.205982	0.00913523	0.00889792	
0.0193633	0.135915	-0.990531	0.34331	
0	0	0	1	
-0.205274	-0.969071	-0.136979	0.512368	
-0.978513	0.205982	0.00914116	0.00889813	
0.0193569	0.135912	-0.990532	0.343312	
0	0	0	1	
-0.205269	-0.969071	-0.136989	0.512362	
-0.978514	0.205976	0.00914788	0.00889503	
0.0193515	0.135924	-0.99053	0.34331	
0	0	0	1	
-0.205275	-0.969084	-0.136891	0.512348	
-0.978514	0.205976	0.00917817	0.00888639	
0.0193017	0.135833	-0.990544	0.343364	
0	0	0	1	
-0.205285	-0.969101	-0.136755	0.512257	
-0.978513	0.205977	0.00923079	0.00888118	
0.0192228	0.135712	-0.990562	0.343441	
0	0	0	1	
-0.205461	-0.969052	-0.136838	0.512218	
-0.978482	0.206108	0.00957346	0.00891828	
0.0189262	0.13586	-0.990547	0.343406	
0	0	0	1	
-0.2055	-0.969165	-0.135977	0.512133	
-0.97848	0.206113	0.00971452	0.00890462	
0.0186115	0.135047	-0.990664	0.34386	
0	0	0	1	
-0.205515	-0.96916	-0.135989	0.51213	
-0.978477	0.206127	0.00971974	0.00889566	
0.018611	0.13506	-0.990663	0.343854	
0	0	0	1	
-0.205544	-0.969236	-0.135402	0.512121	
-0.978475	0.206134	0.00980072	0.0088877	
0.0184118	0.134502	-0.990742	0.344157	
0	0	0	1	
-0.205548	-0.969235	-0.135404	0.512115	
-0.978474	0.206138	0.00980454	0.00888476	
0.0184089	0.134504	-0.990742	0.344157	
0	0	0	1	
-0.205568	-0.969232	-0.135391	0.512109	
-0.97847	0.206156	0.00981676	0.00887277	
0.018397	0.134494	-0.990744	0.344164	
0	0	0	1	
-0.205545	-0.96916	-0.135942	0.511717	
-0.978473	0.206138	0.00985374	0.00886331	
0.0184729	0.135041	-0.990668	0.343898	
0	0	0	1	
camera desired pose
-0.207206	-0.969318	-0.13224	0.511609	
-0.978125	0.207805	0.00940771	0.00824296	
0.0183611	0.131297	-0.991173	0.344679	
0	0	0	1	
error feature
92.5116	
93.0646	
92.1039	
91.016	
92.03	
91.2297	
91.6625	
91.1672	
91.6047	
90.5206	
90.4022	
90.1433	
89.8516	
90.6279	
89.6976	
88.7988	
89.7044	
89.0206	
88.7513	
87.7757	
88.0965	
88.3315	
87.0734	
87.0418	
86.7087	
86.9821	
86.4676	
86.5938	
84.0842	
85.5322	
84.8865	
82.7731	
84.59	
83.7391	
82.6529	
82.1579	
81.5328	
78.0751	
76.7422	
77.1284	
75.9425	
73.798	
72.9656	
70.3841	
67.3598	
63.3636	
61.021	
57.8996	
55.6121	
51.4528	
48.655	
44.9362	
38.1633	
33.3439	
28.0521	
23.8791	
20.231	
18.0639	
15.0469	
13.3386	
11.7005	
10.2646	
8.55148	
7.62676	
6.66593	
6.04968	
5.58829	
5.01529	
4.35785	
4.00708	
3.5399	
3.21333	
3.03645	
2.76304	
2.61085	
2.41037	
2.17189	
2.0039	
1.93459	
1.9118	
2.02522	
1.79605	
1.85108	
1.73443	
1.6969	
1.56564	
1.48682	
1.43122	
1.27975	
1.23851	
1.1764	
1.14652	
1.18679	
1.11073	
1.03458	
1.13493	
1.06095	
1.01393	
1.04397	
0.985204	
0.8825	
0.860593	
0.837167	
0.807027	
0.741327	
0.736168	
0.718869	
0.717898	
0.683958	
0.648956	
0.632879	
0.645122	
0.654139	
0.625721	
0.59887	
0.599276	
0.582552	
0.543447	
0.603789	
0.570022	
0.518494	
0.484669	
0.498538	
0.478349	
0.436287	
0.430103	
0.425141	
0.457501	
0.404206	
0.362532	
0.367393	
0.34791	
0.323615	
0.338427	
0.323501	
0.322445	
0.326843	
0.324034	
0.341781	
0.334739	
0.315181	
0.310468	
0.2992	
0.292954	
0.252517	
0.2363	
0.247658	
0.243556	
0.23622	
0.24188	
0.223038	
0.237567	
0.230255	
0.235555	
0.239331	
0.234596	
0.222113	
0.237588	
0.224772	
0.229821	
0.216896	
0.196486	
0.163854	
0.176633	
0.185675	
0.143075	
0.145716	
0.143538	
0.16731	
0.0853196	
0.118292	
0.113507	
0.103161	
0.0729013	
0.0731134	
0.071067	
0.0692826	
0.0627426	
0.0504388	
0.052509	
0.0531354	
0.0844833	
0.0819008	
0.0774241	
0.0215469	
error pixel ave
0.0611057	
0.0611248	
0.0610204	
0.0609282	
0.0607212	
0.0605541	
0.0603615	
0.0600455	
0.0598108	
0.0597693	
0.0597212	
0.059786	
0.0599158	
0.0601203	
0.0602713	
0.0604744	
0.0606089	
0.0608117	
0.0611031	
0.0611574	
0.0613719	
0.0614936	
0.0615425	
0.0617515	
0.0622219	
0.0626794	
0.0630665	
