camera velocity
-0.00666589	0.00170596	0.000737878	0.00207835	0.005547	-0.000207628	
-0.00668146	0.00156437	0.000832013	0.00183918	0.00548189	-5.90728e-05	
-0.0066642	0.000662869	0.00116704	0.000471228	0.00538017	0.00041202	
-0.00631886	0.000368927	0.00125901	8.7751e-06	0.00498365	0.000600671	
-0.00570284	0.00073568	0.00103733	0.000635498	0.00440159	0.000362831	
-0.0060861	0.00145744	0.00037841	0.00195845	0.00553596	-0.000468835	
-0.00603211	0.000653469	0.000868285	0.000611306	0.00503037	-2.72952e-05	
-0.00621256	0.000652881	0.00071729	0.000662756	0.00546959	-0.000314833	
-0.00443518	0.000539842	0.000825135	0.000433043	0.00276099	0.000624456	
-0.00390922	0.000631309	0.000754186	0.000590482	0.00205424	0.00085019	
-0.00350736	0.000805521	0.000628537	0.000898576	0.00157131	0.000913146	
-0.00330034	0.000930463	0.000616348	0.00109845	0.00139976	0.000882648	
-0.00315723	0.000973162	0.000655884	0.00115066	0.00129899	0.000745432	
-0.00298616	0.000973166	0.000681262	0.00114006	0.00118868	0.000613166	
-0.0027882	0.000941259	0.000690046	0.00108763	0.00109527	0.000520568	
-0.00271031	0.000955259	0.000652802	0.00112913	0.00120965	0.000447505	
-0.00270725	0.00101594	0.000547796	0.00127258	0.00146401	0.000311891	
-0.00278883	0.0011198	0.000361854	0.00152367	0.00183251	0.000195989	
-0.00285258	0.00119877	0.000213028	0.00171177	0.0021373	8.08342e-05	
-0.00296649	0.00125309	9.042e-05	0.00185859	0.00249457	-1.96129e-05	
-0.00297258	0.00130534	-3.10962e-05	0.00199264	0.00266791	-9.50879e-05	
-0.00300776	0.0013422	-0.000102151	0.00208156	0.00285519	-0.000165027	
-0.00300061	0.0013607	-0.000172494	0.00214985	0.00299358	-0.00018417	
-0.00291514	0.00133614	-0.000217053	0.00215417	0.00299315	-0.000219172	
-0.00285959	0.00118119	-0.000152905	0.00191761	0.00296543	-0.000262778	
-0.00265191	0.000878823	-2.57707e-05	0.00144675	0.00267008	-0.000321907	
-0.00252075	0.000812428	1.06475e-05	0.00134641	0.00253762	-0.000335286	
-0.00233016	0.000724378	1.39257e-05	0.00122293	0.00234417	-0.000291089	
-0.00202957	0.000578922	0.000136645	0.00096156	0.0019195	-0.000217985	
-0.00149795	0.00044952	0.00028353	0.000707635	0.00113771	-9.02284e-05	
0.000779908	0.000388464	0.000995736	0.000279733	-0.00244025	0.000795137	
0.00153395	0.00042609	0.00112252	0.000279306	-0.00351722	0.00103948	
0.0017824	0.000305849	0.00123202	4.99255e-05	-0.0038915	0.00118527	
0.00159148	0.000283823	0.00123406	6.4642e-06	-0.0035781	0.00115289	
0.00142203	0.000232955	0.00127703	-0.000120201	-0.00331201	0.00112624	
0.00127981	0.000200271	0.00127181	-0.000189705	-0.00306531	0.0011037	
0.00129611	0.000202089	0.00131285	-0.000222899	-0.00306692	0.00115907	
0.00131719	0.000247247	0.0013268	-0.000165461	-0.0030728	0.00120998	
0.00136058	0.000282666	0.00135675	-0.000144492	-0.00311358	0.00122924	
0.00134414	0.000268063	0.00130122	-0.000158452	-0.00303653	0.00120037	
0.00142348	0.000479129	0.00133892	0.000117691	-0.00311778	0.00123774	
0.0015195	0.00067118	0.00129082	0.000414047	-0.00321457	0.00125858	
0.00156306	0.000815949	0.00124468	0.000648484	-0.00323677	0.00122892	
0.0016314	0.00100244	0.00123521	0.000916947	-0.00330318	0.00120139	
0.00153448	0.00106234	0.00115827	0.00104028	-0.00311054	0.0010977	
0.00134968	0.00108208	0.00109066	0.00112323	-0.00278995	0.000994793	
0.00114175	0.00102047	0.000986881	0.00110562	-0.00243874	0.000882745	
0.00101702	0.00113497	0.000905955	0.00132769	-0.0022161	0.000792207	
0.000830336	0.00108575	0.000799153	0.00130181	-0.00188578	0.000693475	
0.000650665	0.00102925	0.000715461	0.0012655	-0.00157979	0.00061067	
0.000502257	0.000943393	0.000632044	0.00119728	-0.0013295	0.000545632	
0.000418505	0.000930369	0.0006096	0.00120545	-0.00119541	0.000487016	
0.000305349	0.000867448	0.000566286	0.00114606	-0.00100255	0.000421596	
0.000250483	0.000777448	0.000514672	0.00103296	-0.00089411	0.000371173	
0.000236422	0.000718124	0.000472526	0.00096299	-0.000839175	0.000349782	
0.000141054	0.00077031	0.000469316	0.00104714	-0.000671835	0.000270917	
9.82519e-05	0.000692066	0.000420342	0.000957982	-0.000577302	0.000233474	
9.33333e-05	0.00067139	0.000389293	0.000953355	-0.000535083	0.00021725	
7.81877e-05	0.000637107	0.000361329	0.000921197	-0.000479279	0.000201329	
6.58773e-05	0.000604912	0.000329781	0.000901055	-0.000439963	0.000189729	
8.33848e-05	0.000585152	0.000294985	0.000890599	-0.000442713	0.000188529	
6.70058e-05	0.000564968	0.000291811	0.000862283	-0.000404243	0.00017602	
7.18271e-05	0.000521276	0.000258937	0.000813395	-0.000390659	0.000156311	
6.77002e-05	0.000490265	0.000239219	0.000773686	-0.000369738	0.000154139	
4.18594e-05	0.000413857	0.000211337	0.000663736	-0.00030427	0.00014968	
4.12769e-05	0.000374255	0.000191946	0.000606797	-0.000282508	0.000132657	
2.88669e-05	0.000397675	0.000191866	0.000637879	-0.000252277	0.000112999	
3.8707e-05	0.000365537	0.000170121	0.000595667	-0.000249044	0.000100928	
3.10368e-05	0.000338199	0.000163802	0.000553615	-0.000219668	9.65593e-05	
3.36753e-05	0.000311231	0.000150649	0.000514152	-0.000210809	9.2183e-05	
3.54261e-05	0.000282365	0.000137002	0.000479505	-0.000197274	9.11554e-05	
2.48166e-05	0.000272056	0.00013359	0.000463951	-0.000175313	8.30667e-05	
1.19099e-05	0.00023845	0.00012604	0.000420682	-0.000150674	7.22835e-05	
3.83117e-05	0.000200172	0.000108424	0.000367579	-0.000173896	7.01511e-05	
2.2277e-05	0.000213308	0.000109839	0.000381269	-0.00013982	5.49428e-05	
2.23049e-05	0.000171187	0.000100207	0.000318795	-0.000132239	5.13599e-05	
3.31596e-05	0.000168043	9.09641e-05	0.000314239	-0.000140991	4.61684e-05	
2.3896e-05	0.000146955	8.22668e-05	0.000283167	-0.000127887	3.6233e-05	
2.078e-05	0.00014439	7.71967e-05	0.000280337	-0.000114852	2.80681e-05	
2.75763e-05	0.000129391	6.46394e-05	0.000261514	-0.000114538	2.93185e-05	
3.11697e-05	9.76068e-05	5.7681e-05	0.000209253	-0.00011506	2.71965e-05	
2.46182e-05	9.62159e-05	5.67197e-05	0.000205905	-0.000101389	2.39286e-05	
3.34185e-05	7.59203e-05	4.48532e-05	0.000176077	-0.000103289	2.37204e-05	
3.72823e-05	7.09774e-05	4.15122e-05	0.000163038	-0.000102382	2.15075e-05	
2.17091e-05	6.62745e-05	3.95264e-05	0.000150949	-7.46718e-05	1.25201e-05	
7.51496e-06	7.40431e-05	4.46472e-05	0.000150254	-5.74083e-05	4.66248e-06	
2.97867e-06	6.38521e-05	3.34205e-05	0.000137746	-4.13638e-05	3.25812e-06	
8.79817e-06	4.45617e-05	2.60178e-05	0.000106145	-4.35814e-05	3.57104e-06	
1.13933e-06	5.57732e-05	2.87608e-05	0.000119307	-3.18557e-05	-2.19803e-06	
4.54065e-06	5.29497e-05	2.53825e-05	0.000117335	-2.79279e-05	-7.78053e-07	
-1.10853e-06	5.30012e-05	2.71252e-05	0.000113239	-1.75482e-05	-2.12045e-06	
8.78896e-06	1.66863e-05	1.62097e-05	5.65706e-05	-2.45772e-05	3.81096e-06	
2.46462e-06	2.02203e-05	1.61203e-05	6.08184e-05	-1.61917e-05	-7.41127e-07	
4.79636e-06	1.86551e-05	1.37738e-05	5.83652e-05	-1.8455e-05	2.42584e-07	
7.76712e-06	1.41922e-05	1.18343e-05	4.6745e-05	-1.63861e-05	3.30992e-06	
-1.10745e-05	2.80076e-05	1.78822e-05	6.54838e-05	4.4798e-07	-9.36932e-06	
4.48664e-06	7.3479e-06	1.04242e-05	3.13802e-05	-1.58356e-05	7.21238e-07	
-3.39922e-06	1.34157e-05	1.10672e-05	3.93403e-05	-7.93283e-06	-4.17513e-06	
8.02237e-07	1.30712e-05	7.34572e-06	3.87426e-05	-1.33393e-05	-3.8023e-06	
-1.18624e-05	2.51707e-05	1.77028e-05	6.21137e-05	5.37764e-06	-1.18335e-05	
-6.69366e-06	5.16361e-06	9.89139e-06	2.66265e-05	3.47819e-06	-5.27329e-07	
-1.12052e-05	2.93202e-05	1.14871e-05	6.76174e-05	8.87155e-06	-6.74109e-06	
-6.02192e-06	3.28681e-06	6.15464e-06	2.19088e-05	-1.7396e-06	2.23414e-06	
-3.76996e-06	3.14553e-06	8.13511e-06	1.88895e-05	8.36176e-06	3.36488e-06	
-3.00525e-06	1.9504e-06	6.44689e-06	1.71331e-05	4.77448e-06	3.7445e-07	
1.59144e-06	-4.64253e-06	7.64032e-06	2.64127e-06	-2.93427e-07	7.65379e-06	
-1.47532e-07	-2.38655e-06	6.86899e-06	5.81433e-06	3.04395e-06	4.72285e-06	
-5.11349e-07	1.79821e-06	2.48699e-06	2.11064e-05	-1.30499e-08	6.03004e-06	
3.34221e-06	-3.163e-06	4.42676e-07	1.30373e-05	-5.26018e-06	7.93356e-06	
7.50597e-07	-4.13519e-06	1.69725e-06	1.05604e-05	-1.94285e-06	4.9407e-06	
3.45569e-06	-3.10185e-06	-1.26653e-07	1.04307e-05	-4.64563e-06	7.67727e-06	
5.96912e-06	-6.3825e-06	2.02051e-06	4.61597e-06	-8.18516e-06	7.23268e-06	
1.03234e-05	-1.35225e-05	-1.45669e-06	-6.42954e-06	-1.39649e-05	9.92613e-06	
8.34296e-06	-1.08527e-05	-1.20458e-06	-4.19441e-06	-1.06427e-05	9.0009e-06	
3.62822e-06	-7.70251e-07	1.95308e-06	9.89249e-06	-4.03072e-06	4.31575e-06	
3.17485e-06	-2.35343e-06	2.33763e-06	6.47394e-06	-4.55522e-06	2.11836e-06	
1.63956e-05	8.00636e-06	7.1626e-07	1.95827e-05	-2.42103e-05	-4.86842e-06	
1.6549e-05	1.54048e-05	4.03388e-06	2.97362e-05	-2.67592e-05	-9.62833e-06	
camera pose
-0.0962252	-0.981081	-0.167993	0.552491	
-0.992341	0.0814218	0.0929012	-0.128302	
-0.0774653	0.175646	-0.981401	0.585561	
0	0	0	1	
-0.0962228	-0.981081	-0.167993	0.552491	
-0.992341	0.0814193	0.092902	-0.1283	
-0.0774666	0.175645	-0.981401	0.585562	
0	0	0	1	
-0.0935702	-0.981627	-0.166293	0.550304	
-0.993319	0.080711	0.0824867	-0.115071	
-0.0675495	0.1729	-0.98262	0.585659	
0	0	0	1	
-0.091503	-0.982291	-0.163499	0.548126	
-0.994207	0.0808197	0.0708535	-0.100611	
-0.0563848	0.169035	-0.983996	0.585916	
0	0	0	1	
-0.0906064	-0.98238	-0.163462	0.547618	
-0.994814	0.0816635	0.0606375	-0.0875643	
-0.0462203	0.168108	-0.984684	0.584921	
0	0	0	1	
-0.0901298	-0.982288	-0.164277	0.547676	
-0.995234	0.0826693	0.051713	-0.0758644	
-0.0372164	0.168155	-0.985058	0.583392	
0	0	0	1	
-0.0894566	-0.982413	-0.163895	0.546969	
-0.995573	0.0834337	0.043285	-0.064888	
-0.0288494	0.167041	-0.985528	0.582277	
0	0	0	1	
-0.0869467	-0.983084	-0.161205	0.54517	
-0.996037	0.0827463	0.0326022	-0.0528486	
-0.0187116	0.163401	-0.986382	0.582665	
0	0	0	1	
-0.0852693	-0.983277	-0.160923	0.544693	
-0.996316	0.0826702	0.0227907	-0.0409984	
-0.00910603	0.162274	-0.986704	0.581637	
0	0	0	1	
-0.0831164	-0.98352	-0.160559	0.544288	
-0.99654	0.0821408	0.0127155	-0.029232	
0.000682509	0.161061	-0.986944	0.580822	
0	0	0	1	
-0.0832583	-0.983558	-0.160257	0.543779	
-0.99651	0.0831506	0.00738936	-0.0207696	
0.00605763	0.160313	-0.987048	0.579596	
0	0	0	1	
-0.0842228	-0.983612	-0.159421	0.542941	
-0.996392	0.0848099	0.00312964	-0.0127913	
0.0104421	0.159109	-0.987206	0.578375	
0	0	0	1	
-0.0855573	-0.983733	-0.157952	0.541707	
-0.996235	0.0866976	-0.000330028	-0.00553754	
0.0140187	0.157329	-0.987447	0.577417	
0	0	0	1	
-0.0868636	-0.983933	-0.155984	0.540208	
-0.996073	0.088471	-0.00337898	0.00118876	
0.0171247	0.155077	-0.987754	0.576595	
0	0	0	1	
-0.0880507	-0.984177	-0.153762	0.538423	
-0.99591	0.0901176	-0.00651052	0.008282	
0.0202642	0.15256	-0.988086	0.575566	
0	0	0	1	
-0.0889615	-0.984431	-0.151599	0.536693	
-0.995771	0.0914033	-0.00920108	0.0147059	
0.0229145	0.150139	-0.988399	0.574529	
0	0	0	1	
-0.0896755	-0.984694	-0.149454	0.534911	
-0.995645	0.0924675	-0.0118239	0.0210534	
0.0254626	0.147743	-0.988698	0.573371	
0	0	0	1	
-0.0902336	-0.984941	-0.147479	0.533357	
-0.995529	0.0933569	-0.0143807	0.026434	
0.0279323	0.145522	-0.988961	0.57242	
0	0	0	1	
-0.0904042	-0.985232	-0.145412	0.531819	
-0.995434	0.0938857	-0.0172465	0.031495	
0.0306439	0.143189	-0.989221	0.571751	
0	0	0	1	
-0.09027	-0.985614	-0.142885	0.530029	
-0.995328	0.0942162	-0.0210832	0.0371011	
0.0342419	0.140314	-0.989515	0.571381	
0	0	0	1	
-0.0898504	-0.986047	-0.140134	0.528241	
-0.995224	0.0942838	-0.0253117	0.0426041	
0.0381709	0.13719	-0.989809	0.571348	
0	0	0	1	
-0.0892366	-0.986507	-0.13726	0.526442	
-0.995102	0.0941905	-0.030017	0.0482332	
0.0425406	0.133909	-0.99008	0.571527	
0	0	0	1	
-0.088429	-0.987028	-0.134003	0.524499	
-0.994952	0.0939335	-0.0353147	0.0541333	
0.0474439	0.130204	-0.990351	0.57195	
0	0	0	1	
-0.0872521	-0.987649	-0.130144	0.522222	
-0.994745	0.0934041	-0.0419287	0.0609893	
0.0535668	0.125802	-0.990608	0.572544	
0	0	0	1	
-0.0862322	-0.988185	-0.126704	0.520242	
-0.99453	0.092907	-0.0477404	0.0668633	
0.0589481	0.121895	-0.990791	0.573181	
0	0	0	1	
-0.0851556	-0.988706	-0.123328	0.518295	
-0.99429	0.0923146	-0.0535374	0.0726064	
0.0643177	0.118065	-0.990921	0.573819	
0	0	0	1	
-0.0839215	-0.989189	-0.120256	0.516571	
-0.994021	0.0915622	-0.0594781	0.0783455	
0.069846	0.114545	-0.99096	0.574263	
0	0	0	1	
-0.0826659	-0.98959	-0.117802	0.515234	
-0.993732	0.0907778	-0.0652373	0.0840761	
0.075252	0.111671	-0.990892	0.574344	
0	0	0	1	
-0.0813361	-0.989973	-0.115486	0.514012	
-0.993457	0.0898473	-0.070507	0.0894715	
0.0801762	0.108995	-0.990804	0.574339	
0	0	0	1	
-0.0803204	-0.990265	-0.11368	0.513012	
-0.993191	0.089165	-0.0749779	0.0939831	
0.0843843	0.106883	-0.990684	0.574244	
0	0	0	1	
-0.0793828	-0.990541	-0.111927	0.512052	
-0.992907	0.0885389	-0.0793523	0.0986216	
0.0885116	0.104834	-0.990543	0.573869	
0	0	0	1	
-0.079005	-0.990716	-0.110633	0.511281	
-0.99272	0.0883105	-0.0818994	0.101846	
0.0909091	0.103357	-0.990481	0.573203	
0	0	0	1	
-0.0804592	-0.990714	-0.109599	0.510193	
-0.992962	0.0892538	-0.0778478	0.100401	
0.086907	0.102564	-0.990923	0.571698	
0	0	0	1	
-0.0834434	-0.990591	-0.108477	0.508912	
-0.993239	0.0914908	-0.0714501	0.0972052	
0.0807025	0.101782	-0.991528	0.570066	
0	0	0	1	
-0.0864636	-0.990413	-0.107735	0.507864	
-0.993489	0.0937703	-0.0647016	0.0936625	
0.0741837	0.10144	-0.992072	0.568314	
0	0	0	1	
-0.0894095	-0.990211	-0.107185	0.506803	
-0.99369	0.0960018	-0.0579992	0.0902323	
0.0677214	0.101323	-0.992546	0.566296	
0	0	0	1	
-0.0927185	-0.989951	-0.106773	0.505721	
-0.993832	0.0985642	-0.0508289	0.0866574	
0.0608421	0.101402	-0.992983	0.56385	
0	0	0	1	
-0.0954173	-0.989717	-0.10656	0.504856	
-0.993902	0.100666	-0.0450029	0.0838621	
0.0552671	0.101616	-0.993287	0.561646	
0	0	0	1	
-0.0981439	-0.989465	-0.10643	0.504	
-0.993919	0.102823	-0.0393925	0.0811362	
0.0499209	0.101917	-0.99354	0.559433	
0	0	0	1	
-0.100983	-0.9892	-0.106233	0.503023	
-0.993894	0.105078	-0.033663	0.0783574	
0.0444622	0.102185	-0.993771	0.557134	
0	0	0	1	
-0.10386	-0.988934	-0.105934	0.501931	
-0.993834	0.107347	-0.0277456	0.0754611	
0.0388103	0.102399	-0.993986	0.554758	
0	0	0	1	
-0.10691	-0.98864	-0.105644	0.50085	
-0.993718	0.109783	-0.0217436	0.0724631	
0.0330945	0.102656	-0.994166	0.552371	
0	0	0	1	
-0.109808	-0.988419	-0.104741	0.499386	
-0.993575	0.112059	-0.0158389	0.0695462	
0.0273926	0.102329	-0.994373	0.550076	
0	0	0	1	
-0.112552	-0.988257	-0.103349	0.497619	
-0.993408	0.114192	-0.0100781	0.0666524	
0.0217614	0.101533	-0.994594	0.548076	
0	0	0	1	
-0.115738	-0.988106	-0.101249	0.495282	
-0.993162	0.116688	-0.00349213	0.0632932	
0.0152652	0.100153	-0.994855	0.545889	
0	0	0	1	
-0.118724	-0.988016	-0.0986342	0.4925	
-0.992892	0.118975	0.00335041	0.0598919	
0.00842475	0.0983308	-0.995118	0.543789	
0	0	0	1	
-0.121513	-0.98796	-0.0957578	0.48976	
-0.992587	0.121179	0.00931841	0.0567759	
0.0023976	0.0961802	-0.995361	0.541884	
0	0	0	1	
-0.123818	-0.987944	-0.0929295	0.48706	
-0.992301	0.123002	0.0144811	0.054146	
-0.00287605	0.0940071	-0.995567	0.540121	
0	0	0	1	
-0.126016	-0.987926	-0.0901269	0.484441	
-0.991998	0.124782	0.0192188	0.0518829	
-0.00774055	0.0918276	-0.995745	0.538465	
0	0	0	1	
-0.128145	-0.987964	-0.086639	0.481437	
-0.991677	0.126547	0.0237124	0.049764	
-0.0124631	0.0889566	-0.995958	0.536891	
0	0	0	1	
-0.12987	-0.988018	-0.0833917	0.478689	
-0.991395	0.127997	0.0274502	0.0481686	
-0.0164474	0.086239	-0.996139	0.535579	
0	0	0	1	
-0.131552	-0.988051	-0.0803069	0.476189	
-0.991114	0.129485	0.0304388	0.0468898	
-0.0196765	0.0835976	-0.996305	0.534421	
0	0	0	1	
-0.133108	-0.988084	-0.0772762	0.473842	
-0.990846	0.130897	0.0330303	0.0458821	
-0.0225214	0.0809654	-0.996462	0.533413	
0	0	0	1	
-0.134398	-0.988131	-0.0743892	0.471564	
-0.990613	0.132085	0.03521	0.0451391	
-0.0249664	0.0784231	-0.996607	0.53238	
0	0	0	1	
-0.135387	-0.988171	-0.0720313	0.469756	
-0.990431	0.133016	0.0367749	0.0446924	
-0.0267586	0.0763209	-0.996724	0.531588	
0	0	0	1	
-0.136192	-0.988213	-0.0699022	0.468176	
-0.990276	0.133777	0.0381659	0.0443712	
-0.0283647	0.0744204	-0.996823	0.530881	
0	0	0	1	
-0.137126	-0.988251	-0.0674998	0.466353	
-0.990095	0.134669	0.0397092	0.0439827	
-0.0301525	0.0722764	-0.996929	0.530048	
0	0	0	1	
-0.137933	-0.988338	-0.0645214	0.464158	
-0.989929	0.135473	0.0410847	0.0438294	
-0.0318647	0.0695385	-0.99707	0.529172	
0	0	0	1	
-0.138606	-0.988418	-0.0617921	0.462176	
-0.989785	0.136155	0.042282	0.0438124	
-0.0333789	0.0670215	-0.997193	0.528358	
0	0	0	1	
-0.139221	-0.988488	-0.0592329	0.460361	
-0.989652	0.136789	0.0433279	0.0437999	
-0.0347267	0.0646521	-0.997303	0.527654	
0	0	0	1	
-0.139774	-0.98854	-0.0570308	0.458842	
-0.989537	0.137371	0.0441079	0.0438127	
-0.0357681	0.0625992	-0.997398	0.527066	
0	0	0	1	
-0.14026	-0.988593	-0.0548674	0.457367	
-0.989432	0.137891	0.0448269	0.0438239	
-0.0367498	0.060575	-0.997487	0.526534	
0	0	0	1	
-0.140756	-0.988646	-0.0525941	0.455864	
-0.989323	0.138428	0.0455739	0.0437831	
-0.037776	0.0584473	-0.997576	0.526065	
0	0	0	1	
-0.141195	-0.988691	-0.0505413	0.454484	
-0.989229	0.138912	0.0461519	0.0438084	
-0.0386091	0.0565134	-0.997655	0.525567	
0	0	0	1	
-0.141671	-0.988739	-0.0482142	0.453006	
-0.989121	0.13944	0.0468607	0.0437838	
-0.03961	0.0543284	-0.997737	0.525118	
0	0	0	1	
-0.142156	-0.988789	-0.0456901	0.451389	
-0.989008	0.139988	0.0475984	0.0437808	
-0.0406687	0.0519543	-0.997821	0.524608	
0	0	0	1	
-0.14262	-0.988817	-0.0436047	0.450084	
-0.988906	0.140507	0.0482015	0.0438158	
-0.0415357	0.0499954	-0.997885	0.524161	
0	0	0	1	
-0.143053	-0.98883	-0.0418387	0.448945	
-0.988809	0.140986	0.0487864	0.0438299	
-0.0423428	0.0483495	-0.997933	0.523768	
0	0	0	1	
-0.143417	-0.988856	-0.0399449	0.447771	
-0.988724	0.141407	0.0492934	0.043876	
-0.0430955	0.046564	-0.997985	0.523428	
0	0	0	1	
-0.14377	-0.988872	-0.0382406	0.446714	
-0.988642	0.141811	0.0497739	0.0439	
-0.0437971	0.0449622	-0.998028	0.523121	
0	0	0	1	
-0.144049	-0.988898	-0.0364727	0.445604	
-0.988572	0.142151	0.0501819	0.0439712	
-0.0444402	0.0432845	-0.998074	0.522756	
0	0	0	1	
-0.144369	-0.988912	-0.0348077	0.444622	
-0.988501	0.142531	0.0505085	0.0439665	
-0.0449873	0.0416993	-0.998117	0.522451	
0	0	0	1	
-0.144642	-0.988924	-0.0332962	0.443721	
-0.988434	0.142856	0.0508997	0.0439855	
-0.0455794	0.0402734	-0.998149	0.522173	
0	0	0	1	
-0.144922	-0.98893	-0.0318593	0.442862	
-0.988368	0.143188	0.0512468	0.0440129	
-0.0461176	0.0389155	-0.998178	0.521892	
0	0	0	1	
-0.145137	-0.98894	-0.0305357	0.442106	
-0.988316	0.143455	0.0515014	0.0440832	
-0.0465514	0.0376537	-0.998206	0.52162	
0	0	0	1	
-0.145386	-0.98894	-0.0293342	0.441461	
-0.988254	0.143746	0.0518803	0.0440346	
-0.0470898	0.0365323	-0.998222	0.521402	
0	0	0	1	
-0.145532	-0.988954	-0.0281242	0.440785	
-0.988214	0.143942	0.0520931	0.0440612	
-0.0474694	0.035374	-0.998246	0.521167	
0	0	0	1	
-0.145727	-0.988953	-0.0271268	0.440252	
-0.988172	0.144179	0.0522306	0.0440459	
-0.0477425	0.0344173	-0.998267	0.520927	
0	0	0	1	
-0.145909	-0.988954	-0.026092	0.439708	
-0.988121	0.144398	0.0525977	0.0440187	
-0.048249	0.0334565	-0.998275	0.520757	
0	0	0	1	
-0.145931	-0.988971	-0.0252921	0.439222	
-0.988096	0.144448	0.0529222	0.0440661	
-0.0486851	0.032714	-0.998278	0.520549	
0	0	0	1	
-0.146143	-0.988964	-0.024329	0.438777	
-0.98805	0.144702	0.0530923	0.0439989	
-0.048986	0.0317974	-0.998293	0.520413	
0	0	0	1	
-0.1462	-0.988974	-0.0235766	0.438346	
-0.988025	0.144788	0.0533231	0.0439783	
-0.0493215	0.0310901	-0.998299	0.520246	
0	0	0	1	
-0.146281	-0.988977	-0.0229217	0.438017	
-0.987993	0.144893	0.0536299	0.0439325	
-0.0497176	0.0304915	-0.998298	0.520123	
0	0	0	1	
-0.14637	-0.98898	-0.0222361	0.437715	
-0.987963	0.145009	0.0538695	0.0438955	
-0.0500514	0.0298534	-0.9983	0.520017	
0	0	0	1	
-0.14648	-0.988976	-0.0216736	0.437452	
-0.987931	0.14514	0.0541073	0.0438641	
-0.0503652	0.0293377	-0.9983	0.519922	
0	0	0	1	
-0.146601	-0.988972	-0.021021	0.437235	
-0.987904	0.145291	0.0541836	0.0437103	
-0.0505319	0.0287101	-0.99831	0.519862	
0	0	0	1	
-0.146539	-0.98899	-0.0206009	0.437015	
-0.987904	0.145247	0.0543106	0.0437015	
-0.0507205	0.0283103	-0.998312	0.519746	
0	0	0	1	
-0.146607	-0.98899	-0.0201219	0.436773	
-0.987882	0.145334	0.0544701	0.0437155	
-0.050946	0.0278637	-0.998313	0.519661	
0	0	0	1	
-0.146572	-0.989003	-0.0197243	0.436564	
-0.987882	0.145318	0.0545189	0.0437133	
-0.0510531	0.0274763	-0.998318	0.519578	
0	0	0	1	
-0.146548	-0.989011	-0.0195024	0.436406	
-0.987873	0.1453	0.0547279	0.0437747	
-0.0512928	0.0272862	-0.998311	0.519489	
0	0	0	1	
-0.146562	-0.989017	-0.0190932	0.436241	
-0.987865	0.145334	0.0547738	0.0437747	
-0.0513974	0.0268893	-0.998316	0.519449	
0	0	0	1	
-0.14656	-0.989026	-0.0186323	0.436081	
-0.987859	0.145354	0.0548363	0.0437728	
-0.0515262	0.0264429	-0.998322	0.519449	
0	0	0	1	
-0.146595	-0.989026	-0.0183605	0.435906	
-0.987855	0.145405	0.0547798	0.043799	
-0.0515089	0.026168	-0.99833	0.519351	
0	0	0	1	
-0.146577	-0.989031	-0.0182551	0.435854	
-0.987854	0.14539	0.0548218	0.0437921	
-0.0515664	0.026069	-0.998329	0.519297	
0	0	0	1	
-0.146565	-0.989038	-0.0179363	0.435783	
-0.987843	0.145391	0.0550214	0.0437772	
-0.0518105	0.0257825	-0.998324	0.519325	
0	0	0	1	
-0.146714	-0.989018	-0.0178439	0.435725	
-0.987833	0.14555	0.0547745	0.043726	
-0.0515758	0.025663	-0.998339	0.519231	
0	0	0	1	
-0.146648	-0.989031	-0.0176514	0.435689	
-0.987834	0.14549	0.0549217	0.0437403	
-0.0517512	0.0254908	-0.998335	0.519217	
0	0	0	1	
-0.14667	-0.989032	-0.0174188	0.435597	
-0.987837	0.145528	0.054772	0.0437495	
-0.0516364	0.0252404	-0.998347	0.519216	
0	0	0	1	
-0.146648	-0.989035	-0.0174329	0.435586	
-0.98784	0.145505	0.0547772	0.0437662	
-0.05164	0.0252539	-0.998346	0.519139	
0	0	0	1	
-0.146463	-0.989063	-0.0174017	0.43552	
-0.987863	0.14532	0.0548536	0.0438546	
-0.0517248	0.0252245	-0.998343	0.519075	
0	0	0	1	
-0.146519	-0.989059	-0.0171297	0.435493	
-0.987846	0.145388	0.0549753	0.0438237	
-0.0518834	0.0249764	-0.998341	0.519153	
0	0	0	1	
-0.146506	-0.989061	-0.0171621	0.435408	
-0.987853	0.145374	0.0548868	0.0439028	
-0.0517914	0.0249949	-0.998345	0.519009	
0	0	0	1	
-0.146479	-0.989068	-0.016991	0.435415	
-0.987866	0.145362	0.0546825	0.0438897	
-0.0516149	0.0247947	-0.998359	0.519024	
0	0	0	1	
-0.146383	-0.989087	-0.016703	0.435319	
-0.987867	0.145276	0.0548898	0.04402	
-0.0518643	0.0245353	-0.998353	0.519028	
0	0	0	1	
-0.14644	-0.989079	-0.0166622	0.435318	
-0.987861	0.145336	0.0548394	0.044007	
-0.0518189	0.0244906	-0.998356	0.519026	
0	0	0	1	
-0.146475	-0.989075	-0.0166305	0.435317	
-0.987858	0.145374	0.0547955	0.0440004	
-0.0517792	0.0244548	-0.998359	0.519017	
0	0	0	1	
-0.146469	-0.989076	-0.0166275	0.435313	
-0.987861	0.145368	0.0547682	0.0440133	
-0.0517528	0.0244475	-0.998361	0.518996	
0	0	0	1	
-0.146414	-0.98908	-0.0168638	0.435275	
-0.987875	0.145304	0.0546834	0.044036	
-0.0516359	0.0246658	-0.998361	0.518848	
0	0	0	1	
-0.146412	-0.98908	-0.0168446	0.435279	
-0.987875	0.145302	0.0546881	0.0440412	
-0.0516433	0.0246473	-0.998361	0.518845	
0	0	0	1	
-0.14646	-0.989074	-0.0168142	0.435285	
-0.987868	0.145352	0.0546715	0.0440359	
-0.0516302	0.0246174	-0.998363	0.518842	
0	0	0	1	
-0.146461	-0.989074	-0.0167805	0.435291	
-0.987868	0.145355	0.0546788	0.044036	
-0.0516423	0.0245852	-0.998363	0.518847	
0	0	0	1	
-0.146467	-0.989074	-0.0167405	0.435299	
-0.987866	0.145362	0.0546884	0.044036	
-0.0516575	0.0245474	-0.998363	0.518852	
0	0	0	1	
-0.146479	-0.989073	-0.0167085	0.435306	
-0.987863	0.145376	0.0546964	0.0440319	
-0.0516697	0.0245176	-0.998363	0.518856	
0	0	0	1	
-0.146506	-0.989069	-0.0166706	0.435315	
-0.987858	0.145404	0.0547107	0.0440238	
-0.0516887	0.0244837	-0.998363	0.518862	
0	0	0	1	
-0.146543	-0.989064	-0.0166512	0.435317	
-0.987852	0.145442	0.0547191	0.0440101	
-0.0516989	0.0244676	-0.998363	0.518866	
0	0	0	1	
-0.146605	-0.989055	-0.0166289	0.435322	
-0.987842	0.145506	0.0547309	0.0439816	
-0.0517123	0.0244506	-0.998363	0.518873	
0	0	0	1	
-0.146621	-0.989053	-0.0166154	0.435327	
-0.98784	0.145522	0.0547373	0.0439755	
-0.0517202	0.024439	-0.998363	0.518873	
0	0	0	1	
-0.146733	-0.989037	-0.0165861	0.435336	
-0.987822	0.145635	0.0547475	0.0439276	
-0.0517318	0.0244174	-0.998362	0.518877	
0	0	0	1	
camera desired pose
-0.146044	-0.989055	-0.0210075	0.435997	
-0.987881	0.144677	0.0562195	0.0422674	
-0.0525649	0.0289634	-0.998197	0.517289	
0	0	0	1	
error feature
350.765	
351.933	
344.564	
331.841	
322.15	
312.212	
308.279	
289.215	
272.839	
263.993	
253.883	
242.006	
222.612	
205.794	
186.417	
168.225	
151.621	
136.917	
124.437	
113.769	
105.066	
97.9008	
91.2194	
85.8087	
81.5701	
77.6899	
74.3956	
71.0384	
67.8655	
64.9313	
62.2421	
59.1056	
55.8712	
51.9588	
47.5753	
43.7717	
40.1815	
37.7257	
35.0039	
31.7999	
30.0832	
27.5644	
25.397	
24.0788	
21.1476	
18.6848	
16.2694	
14.9186	
12.5827	
10.8468	
9.40835	
9.06008	
8.36597	
7.27217	
6.39512	
5.2275	
4.62198	
4.2546	
3.86407	
3.70706	
3.39861	
3.26484	
2.96799	
2.75076	
2.1748	
1.87709	
1.86687	
1.62398	
1.46678	
1.15511	
1.09309	
1.07951	
1.0766	
0.865579	
0.858508	
0.751769	
0.717268	
0.67042	
0.658564	
0.60044	
0.453071	
0.453577	
0.383453	
0.32719	
0.269772	
0.257057	
0.196167	
0.152942	
0.168962	
0.163763	
0.165039	
0.089901	
0.103612	
0.100315	
0.0712212	
0.117241	
0.0658089	
0.0682372	
0.0644528	
0.120788	
0.0536665	
0.105772	
0.0550824	
0.0568885	
0.0492315	
0.0551743	
0.0528112	
0.0656356	
0.0563281	
0.0556631	
0.0544911	
0.0456561	
0.0353913	
0.0355076	
0.0464133	
0.045301	
0.0474136	
0.0598309	
error pixel ave
0.0614834	
0.0615952	
0.0610419	
0.0599203	
0.0595702	
0.0591056	
0.0579694	
0.0564777	
0.0550659	
0.0543548	
0.0534821	
0.0527237	
0.051153	
0.0494894	
0.0476657	
0.0462265	
0.0449769	
0.0434815	
0.0422267	
0.0410481	
0.0398896	
0.038836	
0.03757	
0.036258	
0.0351561	
0.0339698	
0.0330046	
0.0316973	
0.0305405	
0.0295936	
0.0287643	
0.0277917	
0.0271602	
0.0267273	
0.0261634	
0.025629	
0.0250966	
0.0247621	
0.0243123	
0.0236629	
0.0233899	
0.0226866	
0.0222809	
0.0219419	
0.0213149	
0.0205327	
0.0198065	
0.0192613	
0.0185348	
0.0177801	
0.0169313	
0.0163501	
0.0156598	
0.0150137	
0.014371	
0.0139593	
0.013318	
0.0125455	
0.0119047	
0.011412	
0.0110079	
0.0106796	
0.0103276	
0.0099523	
0.00939666	
0.00889037	
0.0085573	
0.008116	
0.00750483	
0.00700849	
0.00652909	
0.00627986	
0.00594663	
0.00561659	
0.00521997	
0.00496472	
0.00485439	
0.00492577	
0.00478723	
0.00464553	
0.00435475	
0.0043118	
0.00408946	
0.00366452	
0.00328424	
0.0027544	
0.00249264	
0.0021992	
0.00211753	
0.00209886	
0.00189072	
0.00150733	
0.00159549	
0.00156187	
0.0012291	
0.00127003	
0.000995551	
0.000908253	
0.000926437	
0.00111273	
0.000771666	
0.00112001	
0.000758942	
0.000789326	
0.000707555	
0.000620942	
0.000617262	
0.0010153	
0.000970382	
0.000896679	
0.000835734	
0.000765839	
0.000711148	
0.000654443	
0.000625986	
0.000581124	
0.000550937	
0.000487636	
order
6	
6	
6	
6	
6	
6	
6	
6	
6	
6	
6	
6	
6	
6	
6	
6	
6	
6	
6	
6	
6	
6	
6	
6	
6	
6	
6	
6	
6	
6	
6	
6	
6	
6	
6	
6	
6	
6	
6	
6	
6	
6	
6	
6	
6	
6	
6	
6	
6	
6	
6	
6	
6	
6	
6	
7	
7	
7	
7	
7	
7	
7	
7	
7	
8	
8	
8	
8	
8	
9	
9	
9	
9	
10	
10	
10	
10	
10	
10	
10	
11	
11	
11	
11	
12	
12	
13	
13	
13	
13	
13	
14	
14	
14	
14	
14	
14	
15	
15	
14	
15	
14	
15	
15	
16	
16	
16	
16	
16	
16	
16	
17	
17	
17	
17	
17	
17	
17	
