camera velocity
0.000972646	-0.000427993	-4.42805e-06	-0.000987513	-0.00267884	-0.000893029	
0.000975259	-0.000426918	-1.36766e-06	-0.000983529	-0.00268665	-0.000889054	
0.00099154	-0.000441342	-9.98186e-06	-0.00102575	-0.00272105	-0.000886439	
0.00106466	-0.000424629	-9.74258e-06	-0.000980479	-0.00288875	-0.000881112	
0.00110861	-0.0003748	-9.93115e-06	-0.000855013	-0.00299018	-0.00087442	
0.00113156	-0.000294368	-6.97292e-06	-0.000651853	-0.00303563	-0.000844431	
0.00118399	-0.000203289	-7.27746e-06	-0.000424583	-0.00315803	-0.00082755	
0.00124686	-5.54769e-05	-2.1758e-05	-6.95497e-05	-0.003316	-0.000840261	
0.00126055	6.07744e-05	-2.73731e-05	0.00021571	-0.00336167	-0.000841753	
0.00121036	9.71434e-05	-2.30938e-05	0.000309947	-0.00326011	-0.000823414	
0.00114173	0.000166178	-1.70669e-05	0.000479624	-0.0031224	-0.000837618	
0.00106693	0.000173883	-6.68323e-06	0.000499681	-0.00297204	-0.000889274	
0.00104173	0.000214977	1.64953e-05	0.000592172	-0.00292879	-0.00100113	
0.00107509	0.000323411	7.0179e-05	0.000845977	-0.00302417	-0.0011386	
0.00113249	0.000462176	0.000132326	0.00117318	-0.00318129	-0.00125694	
0.00125091	0.00057776	0.000198713	0.00144249	-0.00348379	-0.00140884	
0.00137953	0.000643062	0.000271493	0.00158675	-0.00381689	-0.001578	
0.00144234	0.000444002	0.000305753	0.0010707	-0.00397529	-0.00177259	
0.00115587	-0.000186722	0.00024648	-0.000531797	-0.00329537	-0.00186598	
0.000481923	-0.000927932	0.000125957	-0.00243104	-0.00168735	-0.00187437	
-0.000138898	-0.00122962	8.43425e-05	-0.00321694	-0.000212199	-0.00190934	
-0.000563577	-0.000851814	0.000203694	-0.00222988	0.000753174	-0.00203037	
-0.000755741	3.9754e-05	0.000428492	9.40937e-05	0.00116098	-0.00212319	
-0.00074518	0.000944049	0.000597597	0.0024582	0.00108088	-0.00198319	
-0.00047792	0.000991818	0.000560755	0.00258429	0.000395988	-0.00163757	
-0.000164678	0.000400693	0.000342248	0.00107906	-0.000431063	-0.00126297	
-6.65619e-05	-0.000366317	0.00011472	-0.000919933	-0.000700452	-0.000944255	
-5.13316e-05	-0.000759213	-5.07289e-06	-0.00196085	-0.000744112	-0.000732783	
-0.000114579	-0.000809925	-1.75899e-05	-0.00212445	-0.000598538	-0.000625636	
-0.000266052	-0.000524305	7.22366e-05	-0.00138371	-0.000263267	-0.000657121	
-0.00072872	6.31652e-05	0.000261596	0.000216721	0.000778741	-0.000846529	
-0.000947764	0.000543072	0.000376267	0.00154993	0.0012698	-0.000952441	
-0.00096234	0.000464059	0.000377135	0.00133076	0.00130147	-0.000906401	
-0.000922512	0.000247271	0.000279439	0.000794686	0.00116266	-0.000818731	
-0.000653825	-0.000141309	0.000121759	-0.000248302	0.000516589	-0.000612192	
-0.000492613	-0.000401406	3.50819e-05	-0.000931103	0.000128487	-0.000471372	
-0.000516482	-0.000459536	1.11971e-05	-0.001112	0.000172902	-0.000404741	
-0.000611059	-0.00039098	5.30698e-05	-0.000940328	0.000384174	-0.000392527	
-0.000875202	-0.000208611	0.000108223	-0.000435102	0.000962582	-0.000427038	
-0.000902365	-3.65593e-05	0.000152151	6.09738e-05	0.0010058	-0.000406031	
-0.000951552	4.56393e-05	0.000175464	0.000306542	0.00110464	-0.000427037	
-0.000961406	2.45225e-05	0.000173116	0.000233939	0.00111464	-0.00038487	
-0.000951476	-4.93501e-05	0.000145647	6.16921e-05	0.00106633	-0.000350249	
-0.000914954	-0.000158539	0.000113279	-0.000272805	0.000974805	-0.000307378	
-0.000829434	-0.000193374	8.64939e-05	-0.000352139	0.000759845	-0.000270884	
-0.00081246	-0.000211488	7.94185e-05	-0.00039847	0.000708353	-0.000249507	
-0.000867985	-0.000178519	7.96232e-05	-0.000294428	0.000813883	-0.000265807	
-0.000988315	-0.000160055	0.00010731	-0.000224323	0.00106882	-0.000293963	
-0.00109704	-0.000108139	9.843e-05	-6.01647e-05	0.00129778	-0.000312206	
-0.00107284	-8.63076e-05	9.96236e-05	3.43603e-05	0.00122176	-0.000300881	
-0.00106689	-7.59406e-05	9.53295e-05	8.02085e-05	0.0011918	-0.000302781	
-0.000986111	-7.29601e-05	8.69635e-05	9.48612e-05	0.000992636	-0.00028038	
-0.000981482	-0.000170197	6.45611e-05	-0.000213779	0.000965014	-0.000248281	
-0.00103233	-0.000186288	5.18597e-05	-0.000213889	0.00105794	-0.000258601	
-0.00101923	-0.000189905	4.10761e-05	-0.000223836	0.00101623	-0.000247698	
-0.00108673	-0.000259097	4.61271e-05	-0.000465592	0.00115336	-0.000248317	
-0.00109861	-0.000260794	4.37844e-05	-0.000474088	0.0011613	-0.000250994	
-0.00109348	-0.000205683	5.71143e-05	-0.000350922	0.00113917	-0.000260797	
-0.00106124	-0.000178263	8.54611e-05	-0.000270534	0.00105369	-0.00026658	
-0.00102411	-0.000128685	0.000100026	-0.000138414	0.000957313	-0.00027924	
-0.00103791	-0.00011246	9.8371e-05	-5.62555e-05	0.000968443	-0.000304988	
-0.00108888	-7.98281e-05	0.000103204	4.48885e-05	0.00106625	-0.000322626	
-0.00111535	-6.45317e-05	9.57526e-05	0.000104625	0.00110902	-0.000330856	
-0.00118226	-0.000151714	7.63781e-05	-0.000195302	0.00123959	-0.000309858	
-0.00117672	-0.000181286	6.63919e-05	-0.000258753	0.0012052	-0.000302326	
-0.00116836	-0.00017454	6.24332e-05	-0.000247795	0.00117061	-0.000309693	
-0.00114037	-0.000172355	6.22386e-05	-0.000218218	0.00109047	-0.00032482	
-0.00106052	-0.000173507	5.73514e-05	-0.000228949	0.000892657	-0.000302141	
-0.00111347	-0.000154406	5.61777e-05	-0.000171861	0.000994537	-0.000310316	
-0.00134084	-0.000167273	6.17056e-05	-0.000252725	0.00147967	-0.000328408	
-0.00153159	-9.29324e-05	6.7889e-05	-4.13361e-05	0.00188887	-0.000360512	
-0.00152768	-7.89435e-05	5.49495e-05	2.43039e-05	0.00185243	-0.000354487	
-0.00128378	-8.408e-05	7.06388e-05	-3.01972e-05	0.00127751	-0.000315528	
-0.00113264	-8.02769e-05	6.64724e-05	1.06008e-05	0.000911918	-0.000289274	
-0.00116818	-6.87539e-05	5.93913e-05	6.73668e-05	0.000970171	-0.000287933	
-0.00145232	-0.00017373	-4.34513e-06	-0.000190236	0.00158164	-0.000276865	
-0.00167942	-5.52248e-05	-4.35158e-06	-3.64808e-05	0.00208169	-0.000309085	
-0.00170188	-2.85657e-05	-1.95555e-05	4.59924e-05	0.00211065	-0.000302262	
-0.00160442	4.61233e-06	-1.65954e-05	0.000131774	0.00186176	-0.000253166	
-0.00143809	3.24918e-06	-1.00346e-05	0.000168021	0.00145901	-0.000203901	
-0.00138823	1.26064e-05	-1.70815e-05	0.000213365	0.00132775	-0.000180848	
-0.00135431	1.81464e-05	-3.6836e-05	0.000143657	0.00123491	-0.000144957	
-0.00151932	8.91673e-05	-7.27449e-05	0.000283641	0.00159639	-0.000175556	
-0.00164826	0.000162387	-0.000109889	0.000338232	0.00190296	-0.000190875	
-0.00174494	0.00025141	-0.000157749	0.000555983	0.00213069	-0.000196787	
-0.0017253	0.000323226	-0.000182327	0.000667856	0.00209047	-0.000160585	
-0.00166478	0.000329829	-0.000232728	0.00071742	0.00194702	-0.000114486	
-0.00149591	0.000400894	-0.000206503	0.000700695	0.00157085	-8.22768e-05	
-0.00138951	0.000423189	-0.00020343	0.000683475	0.00133212	-7.17783e-05	
-0.00136449	0.000428688	-0.000253396	0.00072997	0.00128854	-8.97128e-05	
-0.00131222	0.000502715	-0.000307973	0.000820865	0.00125068	-0.000102048	
-0.00124412	0.000524316	-0.000352073	0.000892229	0.00115425	-0.000114978	
-0.00110008	0.000543448	-0.000365861	0.000850201	0.000924235	-0.00016617	
-0.00094911	0.000582726	-0.000378043	0.00082176	0.000689705	-0.000185146	
-0.000789829	0.000587608	-0.000383789	0.000769855	0.000451376	-0.000185188	
-0.000632754	0.000552524	-0.000340853	0.000622196	0.000232878	-0.000163395	
-0.000435146	0.000477273	-0.000307757	0.000354259	7.12325e-06	-0.000147253	
-0.00026515	0.000387594	-0.000257829	0.000156723	-0.000179606	-0.000132676	
-0.000123307	0.000281536	-0.000215087	-4.9886e-05	-0.000297753	-7.87796e-05	
-3.75142e-05	0.000212149	-0.000136844	-0.000224498	-0.000365096	-4.81688e-05	
3.41491e-05	9.7293e-05	-9.6036e-05	-0.000254749	-0.000379621	1.41175e-05	
8.56892e-05	2.07496e-05	-2.79301e-06	-0.000338734	-0.000400722	3.10904e-05	
0.000145292	-6.02821e-05	6.21448e-05	-0.00031166	-0.000309337	3.673e-05	
camera pose
0.0409161	-0.996799	-0.0686884	0	
-0.99371	-0.0477684	0.10128	0	
-0.104237	0.0641124	-0.992484	0	
0.483024	0.00696963	0.373861	1	
0.0409086	-0.996799	-0.0686907	0	
-0.99371	-0.0477615	0.101286	0	
-0.104242	0.0641152	-0.992483	0	
0.483023	0.00696607	0.373859	1	
0.041133	-0.996731	-0.0695336	0	
-0.993709	-0.0480652	0.101157	0	
-0.104168	0.0649352	-0.992438	0	
0.48312	0.00688531	0.37405	1	
0.0413254	-0.99665	-0.0705764	0	
-0.993663	-0.048386	0.101456	0	
-0.104531	0.0659364	-0.992333	0	
0.483159	0.00678204	0.374157	1	
0.0415513	-0.996559	-0.0717145	0	
-0.993614	-0.0487514	0.101761	0	
-0.104907	0.0670282	-0.992221	0	
0.483205	0.00667595	0.374312	1	
0.0417861	-0.996463	-0.0729064	0	
-0.993562	-0.0491331	0.102079	0	
-0.1053	0.0681716	-0.992101	0	
0.483252	0.00658184	0.374455	1	
0.0420494	-0.996352	-0.0742628	0	
-0.993509	-0.0495608	0.102387	0	
-0.105694	0.0694755	-0.991969	0	
0.483299	0.00647053	0.374591	1	
0.0422734	-0.996239	-0.0756385	0	
-0.993458	-0.0499524	0.102695	0	
-0.106087	0.0708024	-0.991833	0	
0.483324	0.00635889	0.374656	1	
0.0424986	-0.996114	-0.0771412	0	
-0.99342	-0.0503499	0.102867	0	
-0.106352	0.0722618	-0.991699	0	
0.483358	0.00623849	0.374717	1	
0.0427125	-0.99599	-0.0786133	0	
-0.993399	-0.0507222	0.102886	0	
-0.106461	0.0736999	-0.991582	0	
0.483382	0.00613188	0.374716	1	
0.0429711	-0.995849	-0.0802334	0	
-0.993389	-0.0511453	0.102776	0	
-0.106453	0.0752866	-0.991463	0	
0.483399	0.00603013	0.3747	1	
0.0431706	-0.995732	-0.0815756	0	
-0.993384	-0.0514789	0.102656	0	
-0.106417	0.0766041	-0.991366	0	
0.483422	0.00593957	0.374672	1	
0.0434071	-0.995604	-0.0830002	0	
-0.993395	-0.0518447	0.102366	0	
-0.106219	0.0780086	-0.991278	0	
0.483452	0.00585272	0.374625	1	
0.0436463	-0.995471	-0.0844535	0	
-0.993402	-0.0522179	0.102104	0	
-0.106052	0.0794398	-0.991182	0	
0.483464	0.0057488	0.374528	1	
0.0439042	-0.995361	-0.0856043	0	
-0.993399	-0.0525853	0.101946	0	
-0.105975	0.0805633	-0.9911	0	
0.483474	0.00566957	0.374392	1	
0.0442251	-0.995237	-0.0868761	0	
-0.993403	-0.0530199	0.101685	0	
-0.105807	0.081806	-0.991016	0	
0.483448	0.0055654	0.374176	1	
0.0445762	-0.995114	-0.0881001	0	
-0.993419	-0.0534675	0.101287	0	
-0.105503	0.0830053	-0.990949	0	
0.48344	0.00546785	0.373934	1	
0.044891	-0.99499	-0.0893247	0	
-0.993428	-0.0538862	0.100983	0	
-0.10529	0.0842044	-0.99087	0	
0.483391	0.00536574	0.373589	1	
0.0453239	-0.994827	-0.0909118	0	
-0.993454	-0.0544389	0.100428	0	
-0.104858	0.0857649	-0.990782	0	
0.483362	0.00521291	0.373178	1	
0.0458356	-0.994662	-0.0924499	0	
-0.993471	-0.055067	0.0999104	0	
-0.104468	0.0872669	-0.990692	0	
0.483351	0.00504988	0.372904	1	
0.0464308	-0.994502	-0.0938601	0	
-0.993457	-0.0557869	0.0996499	0	
-0.104338	0.0886192	-0.990586	0	
0.483348	0.00483361	0.372877	1	
0.0471024	-0.994389	-0.0947191	0	
-0.993351	-0.0566026	0.100253	0	
-0.105052	0.0893671	-0.990443	0	
0.483428	0.00459804	0.373097	1	
0.047774	-0.994315	-0.0951623	0	
-0.993197	-0.0574159	0.101305	0	
-0.106193	0.0896752	-0.990294	0	
0.483486	0.00438045	0.373521	1	
0.0485498	-0.994277	-0.0951603	0	
-0.993066	-0.0582631	0.102108	0	
-0.107068	0.0895431	-0.990211	0	
0.483531	0.00417667	0.373796	1	
0.0492226	-0.994266	-0.094931	0	
-0.993029	-0.0589089	0.102092	0	
-0.107099	0.089244	-0.990235	0	
0.483535	0.00404141	0.37373	1	
0.0500427	-0.994256	-0.0946099	0	
-0.99303	-0.0596538	0.101652	0	
-0.106712	0.0888635	-0.990311	0	
0.483467	0.00391059	0.373043	1	
0.0506554	-0.994232	-0.0945309	0	
-0.993067	-0.0601955	0.100963	0	
-0.106071	0.0887612	-0.990389	0	
0.483433	0.00385568	0.372366	1	
0.05118	-0.994202	-0.0945635	0	
-0.993089	-0.0606782	0.100463	0	
-0.105618	0.0887682	-0.990437	0	
0.483417	0.00380131	0.372054	1	
0.0516035	-0.994169	-0.0946829	0	
-0.993074	-0.0611036	0.100347	0	
-0.105547	0.088849	-0.990437	0	
0.483428	0.00376543	0.372083	1	
0.0519808	-0.99413	-0.0948863	0	
-0.99301	-0.0615355	0.100719	0	
-0.105966	0.0889876	-0.99038	0	
0.483473	0.00374057	0.372493	1	
0.0522104	-0.994073	-0.0953602	0	
-0.992901	-0.0618926	0.101572	0	
-0.106873	0.0893801	-0.990247	0	
0.483508	0.00378828	0.372882	1	
0.0524702	-0.994045	-0.0955046	0	
-0.992817	-0.0622235	0.102191	0	
-0.107525	0.0894566	-0.99017	0	
0.483509	0.00381086	0.373083	1	
0.0526097	-0.99404	-0.0954846	0	
-0.992821	-0.06235	0.102073	0	
-0.107418	0.0894291	-0.990184	0	
0.483555	0.00381763	0.373112	1	
0.0529159	-0.994061	-0.0950912	0	
-0.992816	-0.0626033	0.101962	0	
-0.10731	0.0890127	-0.990233	0	
0.483503	0.0038399	0.372733	1	
0.0532389	-0.994073	-0.0947871	0	
-0.992845	-0.0628537	0.101525	0	
-0.106881	0.0887039	-0.990307	0	
0.483504	0.00391964	0.372344	1	
0.0537155	-0.994088	-0.0943566	0	
-0.99285	-0.0632571	0.10123	0	
-0.106601	0.0882443	-0.990378	0	
0.483506	0.00402114	0.372079	1	
0.0539939	-0.994089	-0.0941923	0	
-0.992832	-0.0635188	0.101244	0	
-0.106629	0.0880505	-0.990393	0	
0.483493	0.00409853	0.372036	1	
0.0543201	-0.994081	-0.094088	0	
-0.992803	-0.0638404	0.101324	0	
-0.106731	0.087907	-0.990394	0	
0.483514	0.00420448	0.372205	1	
0.0546225	-0.994067	-0.0940618	0	
-0.992776	-0.0641461	0.101398	0	
-0.10683	0.0878437	-0.990389	0	
0.48357	0.00431461	0.372491	1	
0.0549436	-0.994066	-0.0938829	0	
-0.992718	-0.0644791	0.101754	0	
-0.107203	0.0876085	-0.99037	0	
0.483581	0.00439681	0.372569	1	
0.0551424	-0.994077	-0.0936445	0	
-0.992678	-0.064675	0.102017	0	
-0.107469	0.0873334	-0.990365	0	
0.483559	0.00453309	0.372564	1	
0.0554251	-0.994093	-0.0933084	0	
-0.992663	-0.0649198	0.102004	0	
-0.107459	0.0869702	-0.990398	0	
0.483599	0.00468295	0.372595	1	
0.0556266	-0.994115	-0.0929532	0	
-0.992659	-0.0650773	0.101945	0	
-0.107394	0.0866	-0.990438	0	
0.483605	0.00482315	0.372498	1	
0.0557136	-0.994145	-0.0925836	0	
-0.992663	-0.0651188	0.101883	0	
-0.107315	0.086228	-0.990479	0	
0.483611	0.00494351	0.372424	1	
0.0559329	-0.994174	-0.0921415	0	
-0.992657	-0.0652857	0.101835	0	
-0.107257	0.085769	-0.990525	0	
0.483626	0.00510551	0.37239	1	
0.0561046	-0.994193	-0.0918278	0	
-0.992644	-0.065426	0.101867	0	
-0.107283	0.0854372	-0.990551	0	
0.483629	0.00524445	0.372383	1	
0.0562422	-0.994211	-0.091552	0	
-0.992628	-0.0655406	0.101948	0	
-0.107358	0.0851434	-0.990568	0	
0.483627	0.00538334	0.372379	1	
0.0564036	-0.994232	-0.0912221	0	
-0.9926	-0.0656817	0.102131	0	
-0.107533	0.0847865	-0.99058	0	
0.483663	0.00556281	0.372413	1	
0.0565428	-0.994246	-0.0909771	0	
-0.992578	-0.065806	0.102271	0	
-0.10767	0.0845191	-0.990588	0	
0.483652	0.00575974	0.372399	1	
0.0567367	-0.994276	-0.090534	0	
-0.992553	-0.0659631	0.102408	0	
-0.107793	0.0840495	-0.990614	0	
0.483646	0.00596002	0.372384	1	
0.0568998	-0.994303	-0.0901288	0	
-0.992535	-0.0660898	0.1025	0	
-0.107873	0.0836237	-0.990641	0	
0.483643	0.00612416	0.372366	1	
0.0570702	-0.994333	-0.0896924	0	
-0.992523	-0.0662154	0.102536	0	
-0.107894	0.08317	-0.990677	0	
0.483653	0.00630107	0.372356	1	
0.0572523	-0.994366	-0.0892127	0	
-0.992528	-0.0663344	0.102408	0	
-0.107749	0.0826831	-0.990734	0	
0.483703	0.00649703	0.372353	1	
0.0573739	-0.99439	-0.0888615	0	
-0.992508	-0.0664286	0.102539	0	
-0.107867	0.0823127	-0.990752	0	
0.483724	0.0066894	0.372279	1	
0.0575249	-0.994414	-0.0884938	0	
-0.992495	-0.0665437	0.102594	0	
-0.107909	0.081928	-0.990779	0	
0.483728	0.00688178	0.372269	1	
0.0576463	-0.994439	-0.088138	0	
-0.992504	-0.0666156	0.102464	0	
-0.107766	0.0815706	-0.990824	0	
0.483804	0.00704911	0.372372	1	
0.0578066	-0.994467	-0.0877174	0	
-0.992501	-0.0667261	0.102417	0	
-0.107703	0.0811393	-0.990867	0	
0.483861	0.00725963	0.372442	1	
0.0579373	-0.994495	-0.0873146	0	
-0.992471	-0.066831	0.10264	0	
-0.10791	0.0807105	-0.990879	0	
0.483875	0.00745728	0.372472	1	
0.0580891	-0.994523	-0.0868831	0	
-0.992449	-0.0669465	0.102774	0	
-0.108028	0.080257	-0.990903	0	
0.483892	0.00765601	0.372532	1	
0.0582216	-0.994549	-0.086498	0	
-0.992439	-0.0670399	0.102813	0	
-0.108051	0.079858	-0.990933	0	
0.483921	0.00783914	0.372594	1	
0.0583681	-0.994577	-0.0860751	0	
-0.992414	-0.0671532	0.102977	0	
-0.108198	0.0794117	-0.990953	0	
0.483923	0.00805613	0.372582	1	
0.0585231	-0.994595	-0.0857686	0	
-0.992392	-0.0672847	0.103104	0	
-0.108318	0.0790821	-0.990966	0	
0.483949	0.00826959	0.372598	1	
0.0587014	-0.994621	-0.0853399	0	
-0.992375	-0.0674217	0.103177	0	
-0.108376	0.0786326	-0.990995	0	
0.483949	0.00850485	0.372585	1	
0.0588675	-0.994644	-0.0849535	0	
-0.992384	-0.0675328	0.103021	0	
-0.108206	0.0782419	-0.991045	0	
0.483998	0.00871345	0.372598	1	
0.0590811	-0.994672	-0.084482	0	
-0.992373	-0.0676942	0.103016	0	
-0.108187	0.0777513	-0.991085	0	
0.484012	0.00896598	0.372591	1	
0.0592271	-0.994702	-0.084024	0	
-0.99236	-0.0677952	0.103082	0	
-0.108232	0.0772768	-0.991118	0	
0.484014	0.00919471	0.372577	1	
0.0593663	-0.994727	-0.0836263	0	
-0.992344	-0.0678974	0.103168	0	
-0.108302	0.0768614	-0.991142	0	
0.484019	0.00938592	0.372569	1	
0.0595457	-0.994756	-0.0831601	0	
-0.992326	-0.0680318	0.103249	0	
-0.108365	0.0763739	-0.991173	0	
0.484072	0.00958966	0.372577	1	
0.0597174	-0.994777	-0.0827859	0	
-0.992311	-0.0681665	0.103306	0	
-0.10841	0.0759802	-0.991198	0	
0.484079	0.00981769	0.372594	1	
0.0599093	-0.994798	-0.082393	0	
-0.992302	-0.0683141	0.103292	0	
-0.108383	0.0755706	-0.991233	0	
0.484121	0.0101029	0.372669	1	
0.0601058	-0.994816	-0.0820225	0	
-0.992276	-0.0684807	0.103437	0	
-0.108517	0.0751718	-0.991248	0	
0.484135	0.0103571	0.372702	1	
0.0603305	-0.994853	-0.0814148	0	
-0.992253	-0.0686462	0.103541	0	
-0.108597	0.0745375	-0.991287	0	
0.484147	0.0106312	0.372698	1	
0.0605927	-0.994906	-0.0805646	0	
-0.992241	-0.0688153	0.103546	0	
-0.108563	0.0736654	-0.991356	0	
0.484182	0.0109346	0.372751	1	
0.0608409	-0.994954	-0.0797847	0	
-0.992219	-0.0689847	0.103642	0	
-0.108623	0.0728582	-0.991409	0	
0.484177	0.0112243	0.372738	1	
0.0610317	-0.994986	-0.079234	0	
-0.992202	-0.0691204	0.103719	0	
-0.108675	0.072286	-0.991446	0	
0.484174	0.0115232	0.372728	1	
0.0612412	-0.995009	-0.0787761	0	
-0.992216	-0.0692629	0.103493	0	
-0.108432	0.0718248	-0.991506	0	
0.484234	0.0118182	0.372749	1	
0.0613528	-0.995025	-0.0784865	0	
-0.992204	-0.0693466	0.103548	0	
-0.108475	0.0715217	-0.991523	0	
0.484232	0.0120789	0.372741	1	
0.061525	-0.995061	-0.0779011	0	
-0.99219	-0.069459	0.103612	0	
-0.108511	0.070918	-0.991562	0	
0.484237	0.0123603	0.372744	1	
0.0617891	-0.995115	-0.0769951	0	
-0.99217	-0.0696289	0.103689	0	
-0.108544	0.0699853	-0.991625	0	
0.484245	0.0127151	0.372759	1	
0.0619279	-0.99516	-0.0762947	0	
-0.992155	-0.0696975	0.103783	0	
-0.108598	0.0692691	-0.991669	0	
0.484238	0.0129612	0.372753	1	
0.0621038	-0.995201	-0.0756176	0	
-0.99214	-0.069804	0.103857	0	
-0.108637	0.0685733	-0.991714	0	
0.484235	0.0132585	0.372742	1	
0.0622284	-0.995238	-0.0750304	0	
-0.992146	-0.0698577	0.103763	0	
-0.10851	0.0679841	-0.991768	0	
0.484265	0.0135309	0.372755	1	
0.0622933	-0.995267	-0.0745841	0	
-0.992146	-0.0698731	0.103753	0	
-0.108473	0.0675352	-0.991803	0	
0.484277	0.0138209	0.372754	1	
0.0623766	-0.995297	-0.0741209	0	
-0.992155	-0.0698982	0.103645	0	
-0.108338	0.0670744	-0.991849	0	
0.484306	0.0141156	0.37276	1	
0.0624754	-0.995328	-0.0736171	0	
-0.992149	-0.0699439	0.103675	0	
-0.108339	0.066562	-0.991883	0	
0.484305	0.0143848	0.372739	1	
0.0626573	-0.99537	-0.0728858	0	
-0.992154	-0.0700381	0.103561	0	
-0.108186	0.0658251	-0.991949	0	
0.484294	0.0147213	0.37277	1	
0.0627941	-0.995412	-0.0721975	0	
-0.992164	-0.0700908	0.103427	0	
-0.108012	0.0651372	-0.992013	0	
0.484254	0.0150005	0.372772	1	
0.062954	-0.995465	-0.0713155	0	
-0.992188	-0.0701376	0.103166	0	
-0.1077	0.0642637	-0.992104	0	
0.484227	0.0153215	0.372793	1	
0.0630553	-0.995504	-0.0706779	0	
-0.992199	-0.0701617	0.103043	0	
-0.107538	0.0636292	-0.992163	0	
0.484152	0.0156197	0.37273	1	
0.0631448	-0.995536	-0.0701454	0	
-0.99222	-0.0701801	0.102835	0	
-0.107298	0.0631062	-0.992222	0	
0.484106	0.0159092	0.372764	1	
0.0632721	-0.995568	-0.0695783	0	
-0.992242	-0.0702301	0.102585	0	
-0.107017	0.0625477	-0.992288	0	
0.484029	0.0162444	0.372764	1	
0.0633645	-0.995598	-0.0690558	0	
-0.992269	-0.0702488	0.102309	0	
-0.106709	0.0620393	-0.992353	0	
0.483944	0.0165669	0.372789	1	
0.0634676	-0.995625	-0.0685709	0	
-0.992302	-0.0702784	0.101966	0	
-0.106339	0.0615715	-0.992422	0	
0.483868	0.0168853	0.372835	1	
0.0635739	-0.995648	-0.0681389	0	
-0.992332	-0.0703184	0.101646	0	
-0.105995	0.0611545	-0.992484	0	
0.48378	0.0171618	0.372871	1	
0.0636632	-0.995666	-0.0677917	0	
-0.992352	-0.070357	0.101426	0	
-0.105756	0.0608162	-0.992531	0	
0.483685	0.01741	0.372868	1	
0.0638007	-0.995678	-0.0674862	0	
-0.992385	-0.0704387	0.10105	0	
-0.105366	0.0605253	-0.99259	0	
0.483564	0.0176785	0.372936	1	
0.0638772	-0.995686	-0.0673018	0	
-0.99242	-0.0704728	0.100676	0	
-0.104985	0.0603607	-0.99264	0	
0.48344	0.0179101	0.37302	1	
0.0639434	-0.99569	-0.0671777	0	
-0.992449	-0.0705072	0.100372	0	
-0.104676	0.0602523	-0.99268	0	
0.483294	0.0181002	0.373102	1	
0.0640285	-0.995689	-0.0671078	0	
-0.992474	-0.0705667	0.100076	0	
-0.10438	0.060195	-0.992714	0	
0.483156	0.01826	0.373226	1	
0.064126	-0.995685	-0.0670831	0	
-0.992503	-0.0706408	0.0997379	0	
-0.104046	0.0601844	-0.99275	0	
0.483046	0.0183758	0.373394	1	
0.0641795	-0.995678	-0.0671232	0	
-0.992489	-0.0707041	0.0998323	0	
-0.104147	0.0602118	-0.992738	0	
0.482912	0.0184384	0.373445	1	
0.0642142	-0.995671	-0.067194	0	
-0.992491	-0.070743	0.0997818	0	
-0.104103	0.0602821	-0.992738	0	
0.482799	0.0184835	0.37361	1	
0.0641816	-0.995659	-0.0674113	0	
-0.99248	-0.0707403	0.0998974	0	
-0.104232	0.0604928	-0.992712	0	
0.4827	0.0185461	0.373703	1	
camera desired pose
-0.0862011	-0.992931	-0.08159	0	
-0.979069	0.0692719	0.191379	0	
-0.184374	0.0963793	-0.978119	0	
0.452023	-0.0439182	0.361654	1	
error feature
0.0163631	
0.016302	
0.0161488	
0.0158908	
0.0156188	
0.0153603	
0.0150186	
0.0147361	
0.0142777	
0.0137932	
0.0132971	
0.0128202	
0.0123052	
0.0116888	
0.0112319	
0.0107525	
0.0102047	
0.00956926	
0.00897543	
0.00830913	
0.00791004	
0.00754719	
0.00748306	
0.00786306	
0.0081276	
0.0081774	
0.00821681	
0.00832783	
0.00834959	
0.00817808	
0.00780206	
0.00783373	
0.00777906	
0.00776687	
0.00790086	
0.00803603	
0.00802275	
0.00796065	
0.00776239	
0.00778512	
0.00774546	
0.0077473	
0.00773722	
0.00771466	
0.00778044	
0.00777575	
0.0077474	
0.00759828	
0.00750559	
0.0074935	
0.00750167	
0.00755165	
0.0074964	
0.00744636	
0.00741677	
0.00731201	
0.00725323	
0.00722469	
0.00723652	
0.00721354	
0.00718003	
0.00711623	
0.00704876	
0.00691242	
0.00687671	
0.00686233	
0.00684728	
0.00689784	
0.00680194	
0.00650873	
0.00631102	
0.00625847	
0.00641621	
0.00652092	
0.00643084	
0.0060496	
0.00568164	
0.00560704	
0.00558343	
0.00571103	
0.0057235	
0.00561597	
0.00529092	
0.00496175	
0.00468207	
0.00451409	
0.00445996	
0.0044517	
0.00445621	
0.00427873	
0.0039483	
0.0036883	
0.00341939	
0.00322724	
0.00295944	
0.00269627	
0.0023639	
0.00196785	
0.00158339	
0.00145208	
0.000878297	
0.000675048	
0.00041454	
