camera velocity
0.000444468	-0.000405915	-4.96488e-05	-0.00101859	-0.0012443	-0.000277949	
0.000451751	-0.000443934	-4.16019e-05	-0.00111434	-0.00127544	-0.000259734	
0.000434548	-0.00043177	-3.40959e-05	-0.00108363	-0.00124296	-0.000243355	
0.000441202	-0.000435234	-3.26347e-05	-0.00108748	-0.00126373	-0.000235922	
0.00043527	-0.000432805	-2.98283e-05	-0.00107823	-0.00125348	-0.000238057	
0.000428577	-0.000406723	-2.68193e-05	-0.00101308	-0.00123601	-0.00024056	
0.000429516	-0.000395516	-2.45482e-05	-0.00098399	-0.00124277	-0.000238404	
0.000421138	-0.000375318	-2.31137e-05	-0.000929744	-0.00122451	-0.000241244	
0.000442856	-0.000371006	-1.92371e-05	-0.000921653	-0.00128146	-0.0002523	
0.000444649	-0.000356591	-1.7937e-05	-0.000885338	-0.00129158	-0.000254893	
0.000445536	-0.000329422	-2.14349e-05	-0.000818978	-0.00129319	-0.000250097	
0.000457044	-0.000318294	-2.57458e-05	-0.000793078	-0.00132837	-0.000254112	
0.000468464	-0.000298079	-2.57274e-05	-0.000742631	-0.00135597	-0.000261822	
0.0004715	-0.000289427	-2.67924e-05	-0.000724588	-0.00136456	-0.000261256	
0.000466804	-0.000273266	-2.90701e-05	-0.000684505	-0.00135478	-0.000267127	
0.000467053	-0.000253906	-3.09521e-05	-0.000637332	-0.00135751	-0.000272686	
0.000423872	-0.000180494	-3.59589e-05	-0.000453793	-0.00124686	-0.000287171	
0.000424899	-0.000145987	-4.595e-05	-0.000369073	-0.00125245	-0.000286792	
0.00040584	-0.000114769	-4.75168e-05	-0.000291597	-0.00120498	-0.000302786	
0.000392208	-6.4795e-05	-5.33821e-05	-0.000164189	-0.00116963	-0.000317903	
0.000386796	-1.56259e-05	-6.36505e-05	-4.53102e-05	-0.00115571	-0.000329983	
0.000381389	3.48245e-05	-7.30954e-05	8.07959e-05	-0.001144	-0.000349291	
0.000365725	5.8958e-05	-7.693e-05	0.000142722	-0.00110486	-0.000361969	
0.000356839	8.16601e-05	-8.13745e-05	0.000196591	-0.00108268	-0.00036298	
0.000346522	9.37145e-05	-8.7162e-05	0.000224299	-0.00105858	-0.000363758	
0.000333944	0.00010351	-8.88296e-05	0.000247436	-0.00102579	-0.000356281	
0.000333556	0.000128037	-8.70775e-05	0.000314629	-0.00102826	-0.000371209	
0.000321019	0.000143216	-9.07192e-05	0.000354607	-0.000989892	-0.000390654	
0.000320013	0.000165953	-8.8044e-05	0.00041144	-0.000985657	-0.000375657	
0.000316937	0.00016965	-8.76439e-05	0.000420255	-0.000978117	-0.000379935	
0.000312869	0.000185896	-8.95371e-05	0.000466014	-0.000968361	-0.000394972	
0.000307767	0.000189251	-8.18077e-05	0.000481811	-0.000958479	-0.000389893	
0.000301967	0.000217441	-8.40781e-05	0.000554983	-0.000941303	-0.000407281	
0.000296202	0.000208176	-8.66651e-05	0.000525471	-0.000926437	-0.000394796	
0.000301955	0.000237257	-8.86049e-05	0.000600748	-0.000938836	-0.000412276	
0.000302269	0.000249645	-8.57668e-05	0.000634452	-0.000937969	-0.000414079	
0.000290877	0.000267161	-8.74353e-05	0.000680047	-0.000905225	-0.00043257	
0.000300742	0.000280166	-8.74649e-05	0.000714492	-0.000928375	-0.000438014	
0.000292244	0.000270112	-8.67146e-05	0.000688338	-0.000905331	-0.000438408	
0.000296021	0.000287892	-8.42701e-05	0.000738715	-0.000915134	-0.000437517	
0.000306875	0.000285288	-8.26121e-05	0.00073629	-0.000941348	-0.000437923	
0.000314686	0.00029123	-8.15298e-05	0.00074865	-0.000960299	-0.00044215	
0.000315662	0.000300077	-8.11154e-05	0.000773541	-0.000958631	-0.000440679	
0.000318165	0.000288645	-7.82909e-05	0.000743679	-0.000962085	-0.000446814	
0.000318678	0.000277125	-7.0817e-05	0.000717393	-0.000952742	-0.000448151	
0.000296973	0.000275943	-7.24916e-05	0.000713897	-0.000897314	-0.000427659	
0.000296278	0.000264569	-6.27245e-05	0.000689243	-0.000890793	-0.000419593	
0.000286007	0.000268995	-5.88742e-05	0.000702658	-0.000859531	-0.000399817	
0.000278538	0.000255801	-5.12101e-05	0.000675051	-0.000839142	-0.000388155	
0.000251706	0.000248881	-5.09608e-05	0.000657149	-0.000771801	-0.000366229	
0.000251614	0.000237217	-4.97058e-05	0.000631562	-0.000765883	-0.000360004	
0.000239509	0.000224739	-4.20632e-05	0.000604683	-0.000728395	-0.000335674	
0.000239679	0.000216546	-3.91781e-05	0.000585389	-0.000727154	-0.000331293	
0.000227024	0.000213281	-3.52694e-05	0.000579837	-0.000693262	-0.000324661	
0.000215565	0.000190837	-3.80416e-05	0.000522839	-0.000665561	-0.000312389	
0.000224985	0.000171762	-3.67689e-05	0.000474336	-0.000689987	-0.000303751	
0.000232628	0.000150946	-3.31953e-05	0.000422169	-0.000708651	-0.000291662	
0.000227074	0.000106094	-3.49469e-05	0.000305023	-0.000693331	-0.000290061	
0.000224703	9.29368e-05	-3.57653e-05	0.000271807	-0.000689155	-0.00028167	
0.000228769	5.86773e-05	-3.79333e-05	0.000184651	-0.000698933	-0.000279307	
0.000215184	4.93461e-05	-3.76074e-05	0.000159168	-0.000664991	-0.000271812	
0.000208159	5.49132e-05	-3.72634e-05	0.000172303	-0.000647352	-0.000272169	
0.000188584	0.000102723	-3.29208e-05	0.000298669	-0.000597641	-0.000272493	
0.000169282	0.000114588	-3.82586e-05	0.000326587	-0.000548334	-0.000270458	
0.000176484	8.51231e-05	-3.82761e-05	0.000254389	-0.000567978	-0.000265544	
0.000170111	9.20098e-05	-4.05981e-05	0.000269296	-0.00055188	-0.000266296	
0.000170352	9.97693e-05	-4.01706e-05	0.000290649	-0.000551315	-0.000275135	
0.000158983	8.52594e-05	-4.31658e-05	0.000254578	-0.000521399	-0.000275254	
0.000160232	9.25794e-05	-3.9507e-05	0.000272224	-0.000525182	-0.000273457	
0.000151569	9.53944e-05	-3.9678e-05	0.000279153	-0.000504851	-0.000265834	
0.000138504	0.00011925	-4.3611e-05	0.000340103	-0.000468656	-0.000278672	
0.000153955	7.52981e-05	-4.37992e-05	0.000226068	-0.000508132	-0.000278573	
0.000156629	9.13772e-05	-4.03612e-05	0.000269245	-0.000514624	-0.000282774	
0.000152876	7.42673e-05	-4.08184e-05	0.000224401	-0.000501987	-0.000274873	
0.000151845	5.32721e-05	-4.32661e-05	0.000168737	-0.000501785	-0.00027801	
0.000138447	7.97233e-05	-4.5446e-05	0.000236536	-0.000463037	-0.000283854	
0.000138953	6.65272e-05	-4.21867e-05	0.000202777	-0.000465961	-0.000277531	
0.000127191	6.32954e-05	-4.58636e-05	0.000195052	-0.000438656	-0.000276054	
0.000131303	8.32403e-05	-4.17137e-05	0.000249713	-0.000442736	-0.000286629	
0.000127612	9.79457e-05	-4.29231e-05	0.000284619	-0.000431988	-0.000287098	
0.000139003	5.90047e-05	-4.39985e-05	0.000183178	-0.000462416	-0.000289633	
0.000133125	6.96309e-05	-4.35303e-05	0.000210111	-0.000442199	-0.000294637	
0.000153264	4.64564e-05	-4.07886e-05	0.000150805	-0.000493105	-0.000289363	
0.000134988	7.85595e-05	-4.35435e-05	0.00023436	-0.000444856	-0.000293405	
0.000126649	9.14352e-05	-4.13055e-05	0.000266541	-0.000423213	-0.000293143	
0.000119111	9.89419e-05	-4.03541e-05	0.000287331	-0.000397228	-0.000298022	
0.00013779	3.1205e-05	-3.96187e-05	0.000112816	-0.000444444	-0.000285092	
0.000147339	1.58974e-05	-4.04299e-05	7.01273e-05	-0.00046971	-0.000287836	
0.000143922	1.58903e-05	-3.9564e-05	7.22271e-05	-0.000462244	-0.000285691	
0.000153274	2.27243e-05	-3.43044e-05	9.30863e-05	-0.000472008	-0.000286748	
0.000137665	2.82395e-05	-3.48011e-05	0.000105511	-0.00042959	-0.000282717	
0.000113322	9.20068e-05	-3.69072e-05	0.000269722	-0.000372024	-0.000282236	
0.000100022	9.20806e-05	-3.43704e-05	0.000268987	-0.00033527	-0.000280407	
9.16411e-05	0.000121129	-3.27161e-05	0.000340837	-0.000309964	-0.000283933	
9.81009e-05	0.000122438	-3.16792e-05	0.000345681	-0.000326047	-0.000302538	
0.000114539	7.47898e-05	-2.78043e-05	0.000223166	-0.000361317	-0.000300104	
0.000112253	8.5159e-05	-2.59949e-05	0.000249041	-0.000355359	-0.000296638	
0.000106452	8.3614e-05	-2.79883e-05	0.000244072	-0.000341593	-0.000300603	
0.000122691	3.09309e-05	-2.81191e-05	0.000110273	-0.000382184	-0.0002959	
0.000134869	1.89307e-05	-2.24345e-05	7.87214e-05	-0.000409626	-0.000291995	
0.000135917	7.77979e-07	-1.92839e-05	3.54996e-05	-0.000408387	-0.000295234	
0.00013568	1.22506e-05	-1.89217e-05	6.59351e-05	-0.000408361	-0.000302445	
0.000129173	-1.3885e-05	-2.233e-05	-1.68493e-06	-0.000391301	-0.000304486	
0.000111645	2.14046e-05	-1.73007e-05	9.16315e-05	-0.00034932	-0.00030859	
0.000118337	9.35418e-06	-2.05251e-05	5.93611e-05	-0.00036493	-0.000311116	
8.19515e-05	3.62941e-05	-2.39368e-05	0.0001293	-0.000276457	-0.000312186	
5.49265e-05	0.000124658	-2.10398e-05	0.000353193	-0.000207105	-0.000317187	
4.87364e-05	0.000139851	-2.14143e-05	0.000393648	-0.000193599	-0.00031555	
6.69834e-05	9.28174e-05	-1.8942e-05	0.000272562	-0.000239176	-0.000328851	
5.86058e-05	8.87209e-05	-2.17883e-05	0.000264121	-0.000221111	-0.00033957	
6.43042e-05	7.54381e-05	-1.98451e-05	0.000228511	-0.000234901	-0.000337272	
6.46962e-05	7.57142e-05	-1.85826e-05	0.000229423	-0.000237854	-0.000340734	
5.65743e-05	6.71927e-05	-1.82672e-05	0.000209036	-0.000220752	-0.00034298	
3.67884e-05	0.000100496	-2.01652e-05	0.000294138	-0.000172443	-0.000348887	
4.42874e-05	8.70642e-05	-2.51861e-05	0.000261943	-0.00019056	-0.000353613	
2.61079e-05	0.000109061	-2.12726e-05	0.000314318	-0.00015132	-0.000361651	
5.79153e-05	4.13988e-05	-2.43036e-05	0.000143418	-0.000231529	-0.000373224	
1.40343e-05	0.000122876	-2.3185e-05	0.000351218	-0.000126593	-0.000382008	
1.97391e-05	5.03833e-05	-2.74305e-05	0.000163426	-0.000145202	-0.00038663	
-1.70766e-05	0.000112501	-2.71468e-05	0.000320888	-5.72055e-05	-0.000395499	
-3.83294e-07	9.02637e-05	-2.61437e-05	0.000266725	-0.000101039	-0.000415624	
-2.71781e-05	0.00010889	-2.27618e-05	0.000314172	-4.05694e-05	-0.000417224	
-2.27219e-05	7.48594e-05	-2.17211e-05	0.000229799	-5.49886e-05	-0.000425072	
-3.36882e-05	8.05563e-05	-1.87391e-05	0.000242279	-2.84712e-05	-0.000424527	
-2.51714e-05	5.48568e-05	-1.48786e-05	0.000181355	-5.33572e-05	-0.000425758	
-3.66857e-05	5.14208e-05	-1.25292e-05	0.000171797	-2.48223e-05	-0.000424268	
-4.37663e-05	4.24304e-05	-4.97469e-06	0.000152156	-9.71497e-06	-0.000418883	
-6.58245e-05	2.98901e-05	-5.80205e-06	0.000119018	4.54368e-05	-0.000413709	
-6.07769e-05	2.55184e-05	-1.77133e-06	0.000110925	3.36607e-05	-0.000415315	
-5.68802e-05	3.2906e-05	8.55986e-06	0.000131071	2.50538e-05	-0.000414216	
-7.14161e-05	1.13412e-05	1.15025e-05	7.51075e-05	6.03193e-05	-0.000409978	
-7.43163e-05	4.16514e-05	1.31063e-06	0.000153224	6.54797e-05	-0.000409285	
-7.22065e-05	2.59951e-05	8.70565e-06	0.000112732	6.023e-05	-0.000404017	
-7.32902e-05	4.52885e-05	1.68678e-05	0.000163642	6.05723e-05	-0.000416911	
-8.44452e-05	5.06165e-05	2.22944e-05	0.000172839	8.85452e-05	-0.000419147	
-8.02949e-05	3.09502e-05	2.81638e-05	0.000122695	7.86495e-05	-0.0004236	
-8.30087e-05	4.97888e-05	2.41477e-05	0.000170142	8.4763e-05	-0.000428119	
-8.22168e-05	3.65006e-05	3.45619e-05	0.000135255	8.04744e-05	-0.000430323	
-6.93842e-05	2.59998e-05	2.85028e-05	0.000107297	5.07672e-05	-0.000427136	
-6.80093e-05	3.07636e-05	3.96647e-05	0.000119756	4.51344e-05	-0.00043743	
-8.17551e-05	4.31544e-05	4.21313e-05	0.00014983	7.7455e-05	-0.000445561	
-9.42001e-05	5.05029e-05	4.59326e-05	0.000165277	0.000104233	-0.000451944	
-8.48506e-05	4.16983e-05	5.30596e-05	0.000142385	8.04783e-05	-0.00046123	
-8.5381e-05	3.18697e-05	5.27992e-05	0.000117266	8.31256e-05	-0.000466195	
-9.24227e-05	4.132e-05	5.7117e-05	0.000138803	9.6023e-05	-0.000469422	
-8.25407e-05	4.69293e-05	5.48046e-05	0.000153342	7.22898e-05	-0.000474045	
-6.60519e-05	1.85646e-05	5.69127e-05	8.37538e-05	3.32932e-05	-0.000477194	
-7.67527e-05	5.1275e-05	6.15586e-05	0.000165328	5.55539e-05	-0.00047707	
-8.71063e-05	0.000102168	6.25061e-05	0.000291866	7.92468e-05	-0.000506055	
-7.91654e-05	7.04559e-05	5.9547e-05	0.000211677	5.86171e-05	-0.000492106	
-7.12017e-05	5.76797e-05	6.11545e-05	0.000178585	3.65455e-05	-0.000499076	
-5.86073e-05	3.9022e-05	5.8592e-05	0.000129687	6.61321e-06	-0.000499624	
-5.37596e-05	5.82793e-05	6.30952e-05	0.000177305	-8.30431e-06	-0.000513267	
-6.15942e-05	8.84307e-05	5.64008e-05	0.000250414	1.05989e-05	-0.000525696	
-6.42512e-05	0.000119614	5.90849e-05	0.000328513	1.74989e-05	-0.000538994	
-3.94166e-05	7.43103e-05	5.63584e-05	0.00021185	-4.25802e-05	-0.000538913	
-4.83871e-05	0.000110405	5.82445e-05	0.000306573	-1.63651e-05	-0.000539402	
-3.88552e-05	0.000112926	5.7899e-05	0.000310121	-3.46139e-05	-0.000549272	
-3.16844e-05	0.000110616	5.52018e-05	0.00030634	-6.02768e-05	-0.000538516	
-2.49079e-05	9.83695e-05	5.07569e-05	0.000273992	-7.66506e-05	-0.000539378	
-1.26143e-05	7.79433e-05	5.19904e-05	0.000220823	-0.000102113	-0.000546057	
-1.6559e-05	9.93229e-05	5.46949e-05	0.000277023	-8.76076e-05	-0.000536493	
-1.58173e-05	9.08878e-05	5.16942e-05	0.000254532	-8.10009e-05	-0.000544519	
-3.34287e-05	9.29236e-05	4.52023e-05	0.000260664	-3.43655e-05	-0.000536782	
-3.38671e-05	8.86318e-05	4.75966e-05	0.000249472	-2.87028e-05	-0.000538897	
-3.84015e-05	7.82798e-05	4.21582e-05	0.000222407	-1.6051e-05	-0.000540303	
-4.41764e-05	8.2214e-05	3.91099e-05	0.000233515	-7.93451e-06	-0.000532245	
-5.01963e-05	7.99354e-05	3.42372e-05	0.000225994	1.13513e-05	-0.000536343	
-4.26019e-05	8.25918e-05	3.47317e-05	0.00023645	-2.66674e-06	-0.000555741	
-7.02853e-05	9.88743e-05	2.46288e-05	0.000276429	6.77827e-05	-0.000563196	
-8.75899e-05	0.000115115	2.48847e-05	0.000316237	0.000117903	-0.000558287	
-8.3883e-05	0.000102854	2.3947e-05	0.000286895	0.000106708	-0.000559729	
-8.72869e-05	0.000105125	1.74929e-05	0.000291517	0.000115282	-0.000568674	
-9.1951e-05	0.000107858	1.62019e-05	0.000298416	0.000135215	-0.000572345	
-8.65184e-05	0.000100079	1.48184e-05	0.000279414	0.000123119	-0.000580342	
-8.3302e-05	9.01722e-05	1.05261e-05	0.0002529	0.000118902	-0.000595201	
-9.98599e-05	0.000124818	9.94463e-06	0.00034272	0.000165761	-0.000594451	
-9.583e-05	0.000110071	7.97381e-06	0.00030489	0.000154004	-0.000598901	
-0.00011651	0.000122314	7.02923e-06	0.00033962	0.000213285	-0.000603467	
-0.000106851	0.000111546	1.12233e-05	0.000311889	0.000192478	-0.000604319	
-0.000107908	0.000120471	1.07209e-05	0.000333506	0.000198025	-0.000614828	
-0.000109096	0.000113097	5.07984e-06	0.000317035	0.000200147	-0.00062055	
-0.000122043	0.00012636	1.08714e-05	0.000350742	0.000235407	-0.000632122	
-0.000116505	0.000124266	7.19759e-06	0.000342978	0.000220759	-0.000636167	
-0.000130929	0.000132722	9.34126e-06	0.000365291	0.000257297	-0.000643803	
-0.000118885	0.000119448	8.70826e-06	0.000333948	0.000225375	-0.000654443	
-0.000126555	0.000123699	1.13791e-05	0.000346559	0.000245008	-0.000678005	
-0.000156029	0.000142845	1.14359e-05	0.000393153	0.00031825	-0.00069343	
-0.00013982	0.000126105	8.2958e-06	0.000350262	0.00027514	-0.000700565	
-0.000153988	0.000138059	1.16212e-05	0.000379503	0.000309063	-0.000717267	
-0.00014473	0.000126954	1.24829e-05	0.000353207	0.000285209	-0.000727005	
-0.000165849	0.000136824	1.3618e-05	0.000377578	0.000336843	-0.000741095	
-0.000148198	0.000111136	1.42147e-05	0.000315926	0.000291038	-0.000746255	
-0.000157831	0.000110583	1.0099e-05	0.000314371	0.000314019	-0.000749757	
-0.000148709	9.36768e-05	1.31627e-05	0.000275736	0.000290493	-0.000748241	
-0.000155623	0.000107264	1.6706e-05	0.000308659	0.000310378	-0.000758473	
-0.000172995	0.000115136	1.16752e-05	0.000333048	0.000353372	-0.000759793	
-0.000155035	8.7413e-05	1.46154e-05	0.000261277	0.000307572	-0.000751342	
-0.000148731	0.000101079	1.79493e-05	0.000297013	0.000293083	-0.00076448	
-0.000177947	0.000130127	1.69776e-05	0.000371511	0.000367284	-0.000765168	
-0.000159095	0.000118796	1.73872e-05	0.000339889	0.000322901	-0.000761822	
-0.00016103	0.000116167	1.70024e-05	0.000334803	0.00032485	-0.00076581	
-0.00015605	0.000124351	2.25013e-05	0.00035624	0.00031573	-0.000774448	
-0.000154112	0.000108446	2.28393e-05	0.000314321	0.000310636	-0.000773306	
-0.000150873	0.000126285	2.62325e-05	0.000362162	0.000305881	-0.000779569	
-0.00018451	0.000147354	2.0927e-05	0.000411639	0.000392992	-0.000787814	
-0.000152901	0.000134619	1.20441e-05	0.000375256	0.000311115	-0.000779565	
-0.000153444	0.00013304	1.72476e-05	0.000375496	0.000315332	-0.00077871	
-0.000156504	0.000151606	1.36638e-05	0.000419819	0.000324781	-0.000786512	
-0.000132576	0.000156797	1.45551e-05	0.00043348	0.000268489	-0.000783749	
-0.000136322	0.000145054	1.45469e-05	0.000402776	0.000278611	-0.000778875	
-0.000129108	0.000155225	1.59193e-05	0.0004295	0.000264985	-0.000785856	
-0.000108891	0.000146277	1.54714e-05	0.000406323	0.000215803	-0.000777158	
-0.000134386	0.00017603	1.75715e-05	0.000482375	0.000284173	-0.000792491	
-0.000105643	0.000178156	1.4138e-05	0.000487314	0.000212373	-0.000785117	
-0.000111974	0.000174526	1.72784e-05	0.000476212	0.00022993	-0.000785591	
-0.000104499	0.000195743	1.40659e-05	0.000528117	0.000208976	-0.000800836	
-0.000107084	0.000188893	1.70727e-05	0.000508323	0.000213539	-0.000800342	
-0.00010211	0.000186188	1.90355e-05	0.000500521	0.000196284	-0.000815431	
-0.000113742	0.000229133	1.73645e-05	0.000606569	0.000225568	-0.000826371	
-0.00011828	0.000222122	1.98805e-05	0.00058741	0.00023539	-0.000835463	
-0.000134639	0.000214029	2.21763e-05	0.000561928	0.000269176	-0.00084365	
-0.000129272	0.000216317	2.19286e-05	0.000564913	0.00025242	-0.00084719	
-0.000127298	0.000225152	2.45542e-05	0.000589599	0.000246351	-0.000854993	
-0.000146561	0.000256014	1.94715e-05	0.000664631	0.000290932	-0.000872617	
-0.000136055	0.000245592	2.16267e-05	0.000639575	0.000264636	-0.000871606	
-0.000150678	0.000262475	2.42729e-05	0.000680998	0.000296408	-0.000882113	
-0.000151079	0.000297253	2.28238e-05	0.00076761	0.000295308	-0.000901886	
-0.000145282	0.000309038	2.28501e-05	0.000793766	0.000277052	-0.000912131	
-0.000148423	0.000331215	2.43057e-05	0.000848762	0.000280519	-0.000925671	
-0.00014857	0.000299391	2.38825e-05	0.000770782	0.000278395	-0.000920362	
-0.000169919	0.000348795	2.51268e-05	0.000895135	0.000324135	-0.000966734	
-0.00016075	0.000352956	2.40911e-05	0.000905964	0.000301146	-0.000951868	
-0.000162433	0.000364018	1.97648e-05	0.000932232	0.000303952	-0.000964577	
-0.000166393	0.000398099	2.43683e-05	0.00101836	0.00030945	-0.000979699	
-0.000179048	0.000426171	2.1539e-05	0.00108776	0.000336914	-0.00098534	
-0.000183887	0.000449104	1.77004e-05	0.00114442	0.000347174	-0.000995787	
-0.000190472	0.000485508	1.81535e-05	0.00123806	0.00036252	-0.00101592	
-0.000194287	0.000477603	1.42316e-05	0.00122136	0.000371233	-0.00101078	
-0.00020984	0.000488912	7.16602e-06	0.00124999	0.000408386	-0.0010027	
-0.000209544	0.000498149	7.95206e-06	0.00127524	0.000410818	-0.0010007	
-0.000209821	0.000508352	8.58352e-06	0.0013067	0.000414921	-0.000994995	
-0.000198284	0.000505256	5.00779e-06	0.00129668	0.000388572	-0.000979838	
-0.000199458	0.000493019	2.75051e-06	0.00126782	0.000392105	-0.000968181	
-0.000200361	0.000505083	3.39169e-06	0.00129997	0.000399805	-0.000967954	
-0.000204183	0.000514244	3.31931e-06	0.00132164	0.000414067	-0.00097579	
-0.000196327	0.000516415	4.10306e-06	0.0013336	0.000398602	-0.00096596	
-0.000213468	0.000531317	3.77187e-06	0.00136783	0.000444728	-0.000968981	
-0.000234805	0.000541445	3.21461e-06	0.00139435	0.000498665	-0.000966784	
-0.00025684	0.000543897	4.88394e-06	0.00140219	0.000557367	-0.000963253	
-0.000264798	0.000550469	4.60089e-06	0.00141642	0.000577126	-0.000956642	
-0.00027128	0.000550323	3.95089e-06	0.00141538	0.000592637	-0.000946121	
-0.000280784	0.000559444	4.60207e-06	0.00144309	0.000619293	-0.000938381	
-0.000284697	0.000558834	1.2358e-05	0.00144487	0.000634897	-0.00092468	
-0.000278251	0.00052027	9.34976e-06	0.00135185	0.000618479	-0.000888269	
-0.00029359	0.000521725	8.81691e-06	0.00135926	0.000661577	-0.000864932	
-0.000287918	0.000517551	2.06619e-05	0.00135572	0.000657303	-0.000856124	
-0.000312528	0.000507898	2.41068e-05	0.00132999	0.000721251	-0.000840798	
-0.000315489	0.000477318	2.52817e-05	0.00125714	0.000729248	-0.000819054	
-0.000329077	0.000483275	2.53596e-05	0.00127382	0.000766124	-0.000810086	
-0.000320751	0.000469962	2.19591e-05	0.00124588	0.000746023	-0.000799489	
-0.000334754	0.000439591	2.89312e-05	0.00117041	0.000779416	-0.000777908	
-0.000326944	0.000413488	2.94968e-05	0.00110635	0.000759425	-0.000763702	
-0.000329752	0.000407252	3.41714e-05	0.00108776	0.000767053	-0.000763209	
-0.000337497	0.000390599	3.58227e-05	0.00104883	0.000784818	-0.000742076	
-0.000323382	0.000365109	3.61242e-05	0.000987719	0.000750032	-0.000737263	
-0.000336857	0.000350304	3.65137e-05	0.000956869	0.000781687	-0.000722113	
-0.000341119	0.000326031	3.22081e-05	0.000891731	0.000789312	-0.000706837	
-0.000338807	0.000311211	4.10458e-05	0.000854986	0.000787544	-0.000695809	
-0.000328532	0.000275902	4.68874e-05	0.000766481	0.000764723	-0.000670903	
-0.000322547	0.000262343	5.00927e-05	0.000733935	0.000753326	-0.000659886	
-0.000328643	0.000239009	5.53496e-05	0.000677264	0.000774819	-0.000650631	
-0.00031433	0.000222637	5.97375e-05	0.000637447	0.000743201	-0.000640898	
-0.00031519	0.000196812	5.96316e-05	0.000571271	0.000748106	-0.000624861	
-0.000294955	0.000175734	6.32201e-05	0.000519507	0.000698361	-0.000617734	
-0.000284366	0.000144457	6.32732e-05	0.00044487	0.000678294	-0.000594134	
-0.000285654	0.000139463	6.4882e-05	0.000435107	0.000684866	-0.000586426	
-0.000267066	0.000120621	6.25591e-05	0.000385722	0.000640209	-0.000583545	
-0.000279808	9.2983e-05	6.0655e-05	0.000317941	0.00067546	-0.000563704	
-0.00026937	6.87448e-05	6.64443e-05	0.000259268	0.000655005	-0.000554486	
-0.000271873	5.88312e-05	7.25302e-05	0.000235394	0.000666052	-0.000547333	
-0.000274834	4.12107e-05	7.55385e-05	0.000192244	0.000670944	-0.000523852	
-0.000264699	2.3061e-05	7.29059e-05	0.000145996	0.000642388	-0.000512135	
-0.000275292	1.91809e-05	7.31141e-05	0.000138314	0.000667427	-0.000507832	
-0.00026533	5.63894e-06	7.69508e-05	0.00010664	0.000642007	-0.000499766	
-0.000260737	-7.81582e-08	8.60552e-05	9.28458e-05	0.000632996	-0.000502483	
-0.000266196	-4.24788e-06	7.83546e-05	8.37482e-05	0.00063857	-0.000489437	
-0.000265677	-2.00087e-05	8.9983e-05	4.65701e-05	0.000640105	-0.000485978	
-0.000269533	-2.88587e-05	9.17095e-05	2.71622e-05	0.000648242	-0.000468165	
-0.000264836	-3.13101e-05	9.76602e-05	2.38768e-05	0.000636127	-0.000463612	
-0.000239912	-3.53657e-05	9.82369e-05	1.50862e-05	0.000571557	-0.000469021	
-0.000247121	-4.07413e-05	9.66988e-05	2.7079e-06	0.000585872	-0.000457677	
-0.000236883	-3.41533e-05	9.58241e-05	2.05762e-05	0.000556642	-0.000450327	
-0.000227478	-3.79563e-05	9.00409e-05	1.24345e-05	0.000530153	-0.000441861	
-0.000229038	-3.28943e-05	9.83644e-05	2.84537e-05	0.000534459	-0.000442763	
-0.000209543	-3.69016e-05	9.13622e-05	1.80665e-05	0.000481713	-0.000445428	
-0.000238218	-5.14263e-05	9.79813e-05	-1.40447e-05	0.000552632	-0.000419463	
-0.000236638	-5.61529e-05	9.64883e-05	-2.49265e-05	0.00054501	-0.000413115	
-0.00022316	-6.01384e-05	9.26254e-05	-3.29981e-05	0.000507943	-0.000415711	
-0.000234454	-5.09687e-05	9.0109e-05	-1.04973e-05	0.00053414	-0.000400958	
-0.000216826	-6.67557e-05	8.84121e-05	-4.92393e-05	0.000486718	-0.000388898	
-0.000238013	-5.08562e-05	9.08753e-05	-7.19519e-06	0.000539517	-0.000394472	
-0.000244898	-7.15994e-05	9.47941e-05	-5.68489e-05	0.000554206	-0.000380686	
-0.000266033	-7.42005e-05	9.47254e-05	-6.59959e-05	0.000603748	-0.000375685	
-0.000260796	-7.48087e-05	9.545e-05	-6.62375e-05	0.000587417	-0.000371515	
-0.000271047	-8.37938e-05	9.61291e-05	-8.93908e-05	0.000605669	-0.000369346	
-0.000295538	-8.6308e-05	0.00010159	-9.69381e-05	0.000660933	-0.000367925	
-0.000314633	-9.26198e-05	0.000104743	-0.00011369	0.000702954	-0.000361547	
-0.00030749	-8.58406e-05	0.000103054	-9.43096e-05	0.000678544	-0.000357567	
-0.0003498	-0.000101078	0.000111861	-0.000132795	0.000779262	-0.000357086	
-0.000356349	-8.96372e-05	0.00010696	-0.000106348	0.000788115	-0.000357924	
-0.00037167	-8.72762e-05	0.000106946	-9.84063e-05	0.00082093	-0.000358272	
-0.000388143	-9.80143e-05	0.000105683	-0.000125659	0.000857247	-0.000356213	
-0.000391991	-9.5459e-05	0.000103069	-0.000119173	0.000863421	-0.000353763	
-0.00037889	-9.69164e-05	0.000105143	-0.000120826	0.000829172	-0.000343774	
-0.000403298	-8.54691e-05	0.000105938	-9.24157e-05	0.000892476	-0.000349184	
-0.000388575	-9.10409e-05	0.00010396	-0.000102872	0.000856369	-0.000338953	
-0.000376638	-8.29964e-05	0.000100396	-8.34328e-05	0.00082571	-0.000345903	
-0.000369175	-8.05286e-05	9.75472e-05	-7.53146e-05	0.000808995	-0.000341193	
-0.000363298	-7.42944e-05	9.90476e-05	-5.53735e-05	0.000798273	-0.000338778	
-0.000357197	-7.56328e-05	9.70219e-05	-5.73883e-05	0.000783842	-0.000333189	
-0.000332373	-9.94196e-05	0.000100262	-0.000115516	0.000721397	-0.000318349	
-0.000332534	-0.000111122	0.000102421	-0.000146836	0.000719841	-0.000312321	
-0.000324267	-0.000102527	0.000104241	-0.000121555	0.000708861	-0.000306024	
-0.00031578	-0.00011254	0.000107208	-0.00014144	0.000697336	-0.00029323	
-0.000289214	-0.000120328	9.89089e-05	-0.000167401	0.000622246	-0.000291631	
-0.000283749	-0.000113019	0.000100135	-0.000147663	0.000618054	-0.000282606	
-0.000254183	-9.48282e-05	9.89281e-05	-9.87158e-05	0.000546116	-0.000291795	
-0.000256912	-9.34621e-05	0.000100616	-9.70929e-05	0.000556219	-0.000284281	
-0.000222283	-9.33471e-05	0.000102144	-9.24013e-05	0.000474883	-0.000285411	
-0.000201649	-9.583e-05	9.80668e-05	-0.000103161	0.000419107	-0.000285327	
-0.000219133	-7.03125e-05	9.08909e-05	-4.41882e-05	0.000463559	-0.000283728	
-0.000248984	-2.68729e-05	9.33642e-05	6.81731e-05	0.000549536	-0.00028044	
-0.000203652	-4.88488e-05	9.04382e-05	9.57897e-06	0.000431817	-0.000280447	
-0.000207757	-3.33269e-05	8.37221e-05	4.51197e-05	0.000442954	-0.000291881	
-0.000188485	-3.8221e-05	7.21057e-05	2.97373e-05	0.000392663	-0.000290942	
-0.000207372	-2.29586e-05	6.83038e-05	6.62792e-05	0.000440907	-0.000298623	
-0.000208807	-3.34555e-05	6.33976e-05	3.89987e-05	0.000442664	-0.000294506	
-0.000200839	-4.07226e-05	5.7053e-05	1.76893e-05	0.000419758	-0.000294867	
-0.000197468	-4.30629e-05	5.5299e-05	1.04333e-05	0.000409424	-0.000299485	
-0.000209583	-5.5223e-05	4.3405e-05	-2.45124e-05	0.000435706	-0.000298984	
-0.000225776	-5.36946e-05	4.41992e-05	-1.9444e-05	0.000472573	-0.000282583	
-0.000227659	-5.38831e-05	3.41839e-05	-2.42544e-05	0.000474111	-0.000297057	
-0.000263908	-3.36906e-05	3.32706e-05	2.76118e-05	0.000562925	-0.000296659	
-0.00025401	-4.37815e-05	3.5634e-05	5.53947e-06	0.000537555	-0.000297017	
-0.000244535	-4.59796e-05	3.72987e-05	-1.67748e-06	0.000512151	-0.000289177	
-0.000248927	-4.42442e-05	2.98699e-05	3.81222e-06	0.000522883	-0.000299264	
-0.000280807	-3.01808e-05	3.0726e-05	4.04789e-05	0.000597705	-0.000301228	
-0.000259262	-4.45061e-05	3.08614e-05	1.75883e-06	0.000541878	-0.000296639	
-0.000280728	-5.06567e-05	2.15368e-05	-1.66667e-05	0.000590203	-0.000304659	
-0.000306617	-4.90074e-05	2.52486e-05	-9.91295e-06	0.000651692	-0.000294941	
-0.000319387	-3.90494e-05	2.45921e-05	1.65635e-05	0.000682086	-0.000302531	
-0.000300528	-5.95336e-05	2.95894e-05	-3.51217e-05	0.000633324	-0.000299353	
-0.000327889	-5.77954e-05	3.41241e-05	-3.07086e-05	0.00069574	-0.00029638	
-0.000320557	-6.60732e-05	3.39534e-05	-5.25605e-05	0.000673336	-0.000294124	
-0.000374292	-5.56347e-05	1.47243e-05	-2.94463e-05	0.000802637	-0.000316515	
-0.000365309	-7.24311e-05	1.61878e-05	-7.06755e-05	0.000777837	-0.000305197	
-0.000363968	-7.80244e-05	7.87905e-06	-8.61353e-05	0.000770895	-0.000320878	
-0.00037521	-7.82187e-05	1.13042e-05	-8.77111e-05	0.000797602	-0.000318639	
-0.000401041	-7.28902e-05	7.58629e-06	-7.4732e-05	0.000859426	-0.0003259	
-0.000403249	-7.17181e-05	3.96267e-06	-7.36258e-05	0.000863049	-0.00033432	
-0.000421714	-7.89901e-05	1.48696e-06	-9.1082e-05	0.000907596	-0.000338319	
-0.000418232	-8.89305e-05	7.444e-06	-0.000115075	0.000898923	-0.000327262	
-0.00041617	-0.000121647	2.31303e-06	-0.00020368	0.000895383	-0.000334854	
-0.000406418	-0.00015264	-8.68704e-07	-0.000285933	0.00087138	-0.000334134	
-0.000398299	-0.000189347	1.13073e-05	-0.000381632	0.000856977	-0.000325819	
-0.000338766	-0.000256927	1.73486e-05	-0.000563312	0.00072244	-0.000349334	
-0.000346914	-0.000285163	2.33946e-05	-0.000631814	0.000740101	-0.000340459	
-0.000306011	-0.000297409	2.16663e-05	-0.000667011	0.000639013	-0.000345853	
-0.000252978	-0.000332601	2.43272e-05	-0.000758286	0.000506963	-0.000360911	
-0.000218539	-0.000338346	1.56817e-05	-0.000778875	0.000420494	-0.000377657	
-0.000170046	-0.000331129	1.47717e-05	-0.000764661	0.000298291	-0.000398163	
-0.000152733	-0.00033007	1.5048e-05	-0.000761357	0.000253876	-0.000396159	
-8.6579e-05	-0.000341169	-1.49703e-06	-0.000797922	9.27674e-05	-0.000428371	
-0.000102214	-0.000317692	2.38533e-06	-0.000741257	0.000129203	-0.000428912	
-0.000111974	-0.00031209	8.19665e-06	-0.000725203	0.000153368	-0.000420878	
-0.000136963	-0.000314475	1.05492e-05	-0.000731483	0.000211341	-0.000421523	
-0.000113201	-0.000329941	8.02952e-06	-0.00077292	0.000153001	-0.000424474	
-0.000155113	-0.000342784	1.21842e-05	-0.000805849	0.000249806	-0.0004122	
-0.000190839	-0.000331474	2.30159e-05	-0.000773019	0.000333798	-0.00040973	
-0.00016408	-0.000363054	2.63341e-05	-0.000854239	0.000261752	-0.000409008	
-0.000208378	-0.000366614	3.32431e-05	-0.000860827	0.000364414	-0.000403051	
-0.000214751	-0.000389681	3.88593e-05	-0.000920784	0.000371778	-0.000400464	
-0.000222306	-0.000424923	4.20672e-05	-0.00100349	0.000382576	-0.000397632	
-0.000262664	-0.000427139	4.97863e-05	-0.00100691	0.000473955	-0.000384097	
-0.000281473	-0.000484292	6.95811e-05	-0.00114484	0.00051623	-0.000365348	
-0.000230641	-0.000534674	6.55632e-05	-0.00127558	0.000385244	-0.00036439	
-0.000241813	-0.000549149	6.95934e-05	-0.00130552	0.000405292	-0.000358083	
-0.000275215	-0.000567415	8.07497e-05	-0.00135206	0.000481176	-0.000333138	
-0.00029252	-0.000536531	8.11205e-05	-0.00127097	0.000521359	-0.000335904	
-0.000287337	-0.000569166	9.09605e-05	-0.00134795	0.000508172	-0.000304611	
-0.000253886	-0.000609731	9.04415e-05	-0.00145379	0.000422594	-0.000295724	
-0.000216984	-0.000673378	8.47096e-05	-0.00162164	0.000330877	-0.000281903	
-0.000245277	-0.000643516	7.67952e-05	-0.00154559	0.000396701	-0.000272797	
-0.000246078	-0.000665937	7.9697e-05	-0.00160641	0.000405423	-0.000246649	
-0.000269798	-0.00066996	7.25503e-05	-0.00161923	0.00046529	-0.000224418	
-0.000241946	-0.000748487	6.07277e-05	-0.00184039	0.000395267	-0.000199304	
-0.000300442	-0.000717332	5.72486e-05	-0.00175544	0.000539609	-0.000166548	
-0.000304504	-0.000693535	4.26559e-05	-0.00169551	0.000544401	-0.000179745	
-0.000336621	-0.000701329	4.47154e-05	-0.0017114	0.000624558	-0.000148442	
-0.000341279	-0.000754745	4.54509e-05	-0.00184853	0.000633723	-0.000123286	
-0.000337606	-0.000809439	4.49415e-05	-0.00198735	0.000620303	-0.000111759	
-0.000384913	-0.000785097	3.55088e-05	-0.00191738	0.000732926	-0.000105522	
-0.000399159	-0.00083135	3.52309e-05	-0.00203315	0.000760198	-9.15187e-05	
-0.000409079	-0.000899287	3.6878e-05	-0.00220487	0.000773636	-6.18302e-05	
-0.000426655	-0.000886338	3.29801e-05	-0.00216801	0.000808512	-5.22599e-05	
-0.000454204	-0.000907336	3.49198e-05	-0.00221528	0.000865606	-3.53252e-05	
-0.00045225	-0.000956954	3.51275e-05	-0.00234627	0.000847331	-1.9865e-05	
-0.000468374	-0.000995545	4.32794e-05	-0.00244207	0.000870211	1.76407e-05	
-0.000456673	-0.000980437	3.98934e-05	-0.00240006	0.000834664	-5.72295e-06	
-0.000447341	-0.00104276	5.34492e-05	-0.00255981	0.000794133	4.12626e-05	
-0.000447371	-0.00108403	6.70469e-05	-0.00265829	0.00079091	8.37815e-05	
-0.000428641	-0.00104956	5.78881e-05	-0.00256163	0.000746676	0.00010287	
-0.000363885	-0.00105275	7.06604e-05	-0.00257479	0.000590807	0.000131832	
-0.000340178	-0.000973707	5.31412e-05	-0.00237578	0.000535586	0.000111248	
-0.000288745	-0.0009483	5.61606e-05	-0.00230923	0.000403217	9.4952e-05	
-0.000205403	-0.000939239	7.2159e-05	-0.00230261	0.000190349	0.000114542	
-0.000202818	-0.000881373	6.58651e-05	-0.00215014	0.000189432	0.00011782	
-0.000178961	-0.000818119	5.08965e-05	-0.00199439	0.000128669	8.65555e-05	
-0.000154779	-0.00079032	5.01559e-05	-0.0019382	6.35237e-05	9.60946e-05	
-0.000114421	-0.000769117	5.26264e-05	-0.00189532	-3.84439e-05	8.48345e-05	
-0.000178571	-0.000740391	5.57599e-05	-0.00180686	0.000129776	0.000147381	
-0.000175853	-0.000716094	5.67195e-05	-0.00174939	0.000120509	0.000150582	
-0.000152562	-0.000716374	5.76514e-05	-0.00175835	5.67537e-05	0.000153991	
-0.000159561	-0.000693934	4.78243e-05	-0.00170681	6.6229e-05	0.000143869	
-0.000201263	-0.000645929	3.90199e-05	-0.00157314	0.000168803	0.00014637	
-0.000169529	-0.000591305	2.80725e-05	-0.00144144	8.62514e-05	9.1073e-05	
-0.000208041	-0.000615561	2.97382e-05	-0.00150459	0.000175536	0.000126264	
-0.000208462	-0.000690841	3.85034e-05	-0.00170799	0.000169161	0.000178061	
-0.000244279	-0.000638633	2.9766e-05	-0.00157034	0.000254513	0.000163762	
-0.00029396	-0.000647527	3.47248e-05	-0.00158853	0.0003733	0.000218308	
-0.00026711	-0.00064501	2.41839e-05	-0.00159669	0.000297622	0.000200483	
-0.000274643	-0.000703088	2.86167e-05	-0.00176507	0.00031257	0.000249202	
-0.000276124	-0.000672373	1.21893e-05	-0.00169643	0.000310215	0.00023606	
-0.000272838	-0.000674168	6.61457e-06	-0.00171968	0.000297569	0.000250985	
-0.000285134	-0.000675191	2.75439e-06	-0.00174008	0.000326682	0.000263327	
-0.000305735	-0.000688993	1.8557e-06	-0.00180235	0.000378289	0.000304134	
-0.000305604	-0.000654981	-7.79139e-06	-0.00172056	0.000374183	0.000283692	
-0.000331963	-0.000641436	-1.16431e-05	-0.00168821	0.000431929	0.000294871	
-0.000308379	-0.000607833	-2.37629e-05	-0.00162642	0.000374274	0.000273187	
-0.00033982	-0.000607177	-2.62054e-05	-0.00164593	0.000454954	0.000315025	
-0.000351612	-0.000545106	-3.19016e-05	-0.0014767	0.000470304	0.000283276	
-0.000427041	-0.000525024	-2.69033e-05	-0.0014226	0.000655084	0.000311843	
-0.000560889	-0.000543289	-5.75552e-06	-0.00145751	0.000985114	0.000391787	
-0.000571678	-0.000535101	-8.76169e-06	-0.0014447	0.00100491	0.000402034	
-0.00071517	-0.00062114	9.48793e-06	-0.00166846	0.0013583	0.000494255	
-0.000746608	-0.000641599	1.66823e-05	-0.00171072	0.00141818	0.000487767	
-0.000736157	-0.000686669	9.85558e-06	-0.00184005	0.00137679	0.00046893	
-0.000716736	-0.000720162	4.18736e-06	-0.0019389	0.0013137	0.000442977	
-0.000768766	-0.000792564	-5.36763e-08	-0.00215244	0.00142717	0.000468545	
-0.000844754	-0.000806953	-4.24135e-06	-0.0021953	0.00159012	0.000474237	
-0.00091524	-0.000867556	-2.83279e-06	-0.00236969	0.00174142	0.00049199	
-0.000942628	-0.000947818	-2.01864e-05	-0.00265872	0.00180617	0.000488266	
-0.0010432	-0.000997123	-3.47097e-05	-0.00280569	0.0020039	0.000471965	
-0.00108794	-0.00102072	-4.74065e-05	-0.00297141	0.00211936	0.000409689	
-0.00111256	-0.00105909	-7.31464e-05	-0.00310366	0.00212319	0.000371598	
-0.00149224	-0.00119375	-6.12433e-05	-0.00346788	0.00296159	0.00041495	
-0.0019402	-0.00138892	-2.94156e-05	-0.00406318	0.0039728	0.000428582	
-0.00252401	-0.00167753	-4.38679e-06	-0.00487619	0.00523551	0.000351383	
-0.0039001	-0.00218279	-3.275e-06	-0.00619853	0.00844708	0.000139891	
-0.00416793	-0.00150991	-0.000174913	-0.00442642	0.00960542	-0.000498804	
-0.00156536	-0.00024194	-0.000321089	-0.00130424	0.00482325	-0.000477197	
0.000176906	0.000178842	-0.000329793	0.000118116	0.00110948	6.4208e-05	
0.000334533	0.000206596	-0.000306333	0.00062221	-0.000144373	8.31499e-05	
0.000169382	0.000136675	-0.000221745	0.000556537	-0.000461375	0.000136755	
camera pose
-0.244996	-0.937121	-0.248558	0	
-0.961262	0.201391	0.188195	0	
-0.126304	0.285037	-0.950159	0	
0.472589	-0.0644011	0.336176	1	
-0.245162	-0.936931	-0.249112	0	
-0.961264	0.201535	0.188032	0	
-0.125968	0.28556	-0.950046	0	
0.472964	-0.0646979	0.336212	1	
-0.245189	-0.936615	-0.250267	0	
-0.961199	0.201198	0.188722	0	
-0.126407	0.286829	-0.949605	0	
0.473322	-0.0652062	0.336024	1	
-0.245098	-0.936305	-0.251515	0	
-0.961133	0.200657	0.189633	0	
-0.127086	0.288218	-0.949094	0	
0.473689	-0.0657338	0.335777	1	
-0.244942	-0.936027	-0.252701	0	
-0.961086	0.200074	0.190483	0	
-0.127739	0.289524	-0.948609	0	
0.474045	-0.0662249	0.335536	1	
-0.244679	-0.935772	-0.253897	0	
-0.961068	0.199393	0.191285	0	
-0.128374	0.290816	-0.948128	0	
0.474404	-0.0667242	0.335338	1	
-0.244687	-0.935471	-0.254997	0	
-0.960962	0.198938	0.192291	0	
-0.129154	0.292093	-0.947629	0	
0.474696	-0.067212	0.335054	1	
-0.244587	-0.935177	-0.256166	0	
-0.96092	0.198451	0.193004	0	
-0.129657	0.293362	-0.947169	0	
0.47502	-0.0677112	0.334893	1	
-0.244587	-0.934842	-0.257387	0	
-0.96082	0.197973	0.193988	0	
-0.130392	0.294749	-0.946637	0	
0.475261	-0.0681979	0.334609	1	
-0.244601	-0.934487	-0.258658	0	
-0.960757	0.197587	0.194695	0	
-0.130833	0.29613	-0.946145	0	
0.475553	-0.0687031	0.334449	1	
-0.244597	-0.934108	-0.260028	0	
-0.960707	0.197183	0.195347	0	
-0.131202	0.297592	-0.945635	0	
0.475846	-0.0692342	0.334283	1	
-0.244579	-0.933754	-0.261311	0	
-0.960634	0.196722	0.196168	0	
-0.131767	0.299003	-0.945111	0	
0.476033	-0.0696959	0.334024	1	
-0.244489	-0.933395	-0.262675	0	
-0.960594	0.196208	0.196878	0	
-0.132226	0.300459	-0.944585	0	
0.476226	-0.0701595	0.333794	1	
-0.244375	-0.933055	-0.263986	0	
-0.960558	0.195678	0.197582	0	
-0.132698	0.301858	-0.944073	0	
0.476415	-0.070631	0.333576	1	
-0.244368	-0.932703	-0.265235	0	
-0.960495	0.195259	0.1983	0	
-0.133165	0.303215	-0.943572	0	
0.476574	-0.0711358	0.333321	1	
-0.24425	-0.932356	-0.266559	0	
-0.960475	0.194752	0.198896	0	
-0.133529	0.304603	-0.943073	0	
0.476717	-0.0716463	0.333122	1	
-0.244134	-0.932037	-0.267779	0	
-0.960454	0.194269	0.199468	0	
-0.13389	0.305887	-0.942606	0	
0.476887	-0.0721386	0.332914	1	
-0.243952	-0.931713	-0.269068	0	
-0.960491	0.193803	0.199743	0	
-0.133957	0.307165	-0.942181	0	
0.476991	-0.0726261	0.332812	1	
-0.243837	-0.931371	-0.270353	0	
-0.960494	0.193362	0.200156	0	
-0.134144	0.308478	-0.941725	0	
0.476991	-0.073044	0.332623	1	
-0.243612	-0.9311	-0.271487	0	
-0.960534	0.192869	0.200441	0	
-0.134269	0.309602	-0.941339	0	
0.477006	-0.0734189	0.332483	1	
-0.243483	-0.930765	-0.272748	0	
-0.9606	0.192556	0.200424	0	
-0.134028	0.310802	-0.940977	0	
0.477025	-0.0738649	0.332454	1	
-0.243447	-0.930442	-0.273882	0	
-0.96062	0.192303	0.200573	0	
-0.133953	0.311926	-0.940616	0	
0.476952	-0.0742376	0.332318	1	
-0.243217	-0.930179	-0.274977	0	
-0.960717	0.191945	0.200451	0	
-0.133675	0.312928	-0.940323	0	
0.476868	-0.0745902	0.33231	1	
-0.242992	-0.929902	-0.276111	0	
-0.96085	0.191673	0.200072	0	
-0.133124	0.313917	-0.940071	0	
0.476808	-0.0750002	0.33236	1	
-0.242872	-0.929644	-0.277084	0	
-0.960951	0.19152	0.199733	0	
-0.132613	0.314774	-0.939857	0	
0.476754	-0.0753743	0.332402	1	
-0.242813	-0.929364	-0.278072	0	
-0.96101	0.191358	0.199604	0	
-0.132293	0.315696	-0.939593	0	
0.476634	-0.075719	0.332342	1	
-0.242722	-0.929147	-0.278876	0	
-0.96105	0.191142	0.199619	0	
-0.13217	0.316466	-0.939351	0	
0.476441	-0.0760919	0.332194	1	
-0.242626	-0.928841	-0.279976	0	
-0.961142	0.190979	0.199333	0	
-0.131679	0.31746	-0.939084	0	
0.476278	-0.0764116	0.332212	1	
-0.242435	-0.928598	-0.280945	0	
-0.961263	0.190773	0.198943	0	
-0.131142	0.318293	-0.938878	0	
0.476096	-0.0767675	0.332267	1	
-0.24218	-0.928334	-0.282037	0	
-0.961407	0.190498	0.198512	0	
-0.130558	0.319228	-0.938642	0	
0.475841	-0.0770332	0.332353	1	
-0.242017	-0.928076	-0.283023	0	
-0.961489	0.190238	0.198365	0	
-0.130256	0.320131	-0.938376	0	
0.47553	-0.0772913	0.332298	1	
-0.241687	-0.927919	-0.28382	0	
-0.961615	0.189871	0.198103	0	
-0.129934	0.320805	-0.938191	0	
0.475238	-0.077591	0.332273	1	
-0.241468	-0.927659	-0.284856	0	
-0.961745	0.189632	0.197705	0	
-0.129385	0.321698	-0.937961	0	
0.474985	-0.0778419	0.332343	1	
-0.24118	-0.927402	-0.285931	0	
-0.96194	0.189445	0.196932	0	
-0.128467	0.322545	-0.937796	0	
0.474751	-0.0780995	0.332458	1	
-0.240886	-0.927205	-0.286818	0	
-0.962109	0.189227	0.196314	0	
-0.12775	0.323239	-0.937655	0	
0.474468	-0.0783774	0.332555	1	
-0.240615	-0.927032	-0.287605	0	
-0.962249	0.188993	0.195856	0	
-0.12721	0.323874	-0.937509	0	
0.474171	-0.078666	0.332598	1	
-0.24041	-0.926735	-0.288731	0	
-0.962399	0.18882	0.195282	0	
-0.126457	0.324822	-0.937283	0	
0.473866	-0.0788745	0.33266	1	
-0.240008	-0.926541	-0.289687	0	
-0.962619	0.188558	0.194449	0	
-0.125542	0.325527	-0.937161	0	
0.473541	-0.0791296	0.332813	1	
-0.239669	-0.926335	-0.290623	0	
-0.962825	0.188366	0.193615	0	
-0.124609	0.326222	-0.937044	0	
0.473185	-0.0793946	0.332896	1	
-0.2395	-0.926129	-0.291418	0	
-0.962947	0.188256	0.193113	0	
-0.123986	0.32687	-0.936901	0	
0.472826	-0.0796728	0.33291	1	
