camera velocity
-0.000416371	-0.00583349	-0.0265161	-0.00358213	0.000726365	0.00436964	
-0.000757151	-0.00599707	-0.0266797	-0.00366017	0.000895797	0.00451181	
-0.000550246	-0.00604452	-0.0271804	-0.00364338	0.000777284	0.00397872	
-0.000352974	-0.00614321	-0.0267996	-0.00364365	0.000636516	0.00325664	
0.000594901	-0.00617151	-0.0267812	-0.00361355	0.000132485	0.00271828	
0.00132089	-0.00590274	-0.0265298	-0.00342583	-0.00027353	0.00229939	
0.00153916	-0.00576645	-0.0262102	-0.00330555	-0.000420832	0.00209936	
0.00248696	-0.00536841	-0.0259615	-0.0030648	-0.000927141	0.00163752	
0.00369944	-0.00428838	-0.0252011	-0.0024814	-0.00156015	0.00144304	
0.00449326	-0.00310667	-0.0250067	-0.00187032	-0.00197642	0.00122247	
0.00588642	-0.00222766	-0.024364	-0.00142552	-0.00268506	0.00117556	
0.00701645	-0.00108182	-0.023173	-0.000848119	-0.00326129	0.00122058	
0.00689522	-0.00105689	-0.0226123	-0.000833188	-0.00323499	0.00123456	
0.00564448	-0.000153914	-0.0208844	-0.000382288	-0.0026909	0.00117346	
0.00704717	0.00040343	-0.0199095	-0.000127134	-0.00337876	0.00141745	
0.00505944	0.000240442	-0.0184132	-0.000193315	-0.0025146	0.00105338	
0.00596439	0.00155379	-0.017376	0.000400233	-0.00296461	0.00129713	
0.00353829	0.000450524	-0.0170131	-9.3357e-05	-0.00185065	0.00113032	
0.00370486	0.000539955	-0.0172835	-5.89521e-05	-0.0019248	0.00112602	
0.00366635	0.000579389	-0.0170791	-3.72321e-05	-0.00190699	0.00113635	
0.00470694	0.00127254	-0.0173704	0.000272343	-0.00238157	0.00121762	
0.00410369	0.0013288	-0.0172511	0.000295335	-0.00210175	0.00113023	
0.00358055	0.000556168	-0.0170464	-4.52413e-05	-0.00186627	0.00113085	
0.00351679	0.000702379	-0.0170367	2.02856e-05	-0.00183546	0.00112185	
0.0036998	0.000692541	-0.0169254	1.58026e-05	-0.00191869	0.00117275	
0.00371561	0.000202351	-0.0173277	-0.000210699	-0.00193066	0.00119222	
0.00336724	0.000691946	-0.0169418	1.51381e-05	-0.00176326	0.00113162	
0.00350025	0.000763209	-0.0169813	4.67747e-05	-0.00182749	0.00111541	
0.00412193	0.000357223	-0.0173983	-0.000139717	-0.00211947	0.0011785	
0.00375877	0.000370662	-0.0171675	-0.000133129	-0.00195067	0.00117703	
0.00363489	0.000281473	-0.0171732	-0.000171799	-0.00189475	0.001156	
0.00515675	0.00136728	-0.0173827	0.000310578	-0.00258278	0.0013145	
0.00378465	0.000845901	-0.0171855	8.12368e-05	-0.00195697	0.0010929	
0.00415087	0.00084187	-0.0172492	7.94126e-05	-0.00212657	0.00121234	
0.00367087	0.000771669	-0.0171819	4.69672e-05	-0.00190433	0.00113806	
0.00354642	0.000663373	-0.0171472	6.81337e-07	-0.00184539	0.00118578	
0.00408992	0.00118891	-0.0171998	0.00023562	-0.00209468	0.00113913	
0.00363376	0.00106888	-0.0170426	0.000185653	-0.00188912	0.00107625	
0.00365477	0.000320204	-0.0172418	-0.000155078	-0.00190176	0.00116916	
0.00362731	0.000899478	-0.0171916	0.0001031	-0.00188135	0.00111129	
0.00414409	0.000713088	-0.0170431	2.43043e-05	-0.00212149	0.00127393	
0.00354236	0.000668939	-0.0171141	1.98004e-06	-0.00184839	0.00111001	
0.00396791	0.000466402	-0.0172081	-8.82193e-05	-0.00204477	0.00119316	
0.0037989	0.000726736	-0.0170225	2.87058e-05	-0.00196369	0.0011826	
0.00364363	0.00097073	-0.0170613	0.000137471	-0.00189276	0.00111129	
0.003578	0.000564583	-0.0171481	-4.37508e-05	-0.00186329	0.00113644	
0.00359027	0.00101192	-0.0170028	0.000156779	-0.00186263	0.00110843	
0.00366096	0.000708027	-0.0170534	1.91948e-05	-0.00189717	0.00117892	
0.00450538	0.00107053	-0.0174379	0.000176239	-0.00228292	0.00130655	
0.00345064	-7.21406e-06	-0.0172245	-0.000300558	-0.00181072	0.00114056	
0.00301507	0.000292389	-0.0171001	-0.000167988	-0.00160845	0.00103554	
camera pose
0.254032	-0.430233	0.866238	0.593697	
-0.915303	-0.396358	0.0715621	0.00396764	
0.312552	-0.811049	-0.494481	0.705986	
0	0	0	1	
0.254039	-0.430229	0.866237	0.593698	
-0.9153	-0.396364	0.071568	0.00397159	
0.312554	-0.811048	-0.494481	0.705985	
0	0	0	1	
0.250332	-0.435011	0.864927	0.570261	
-0.918021	-0.390422	0.0693386	0.00422998	
0.307523	-0.811379	-0.497085	0.726888	
0	0	0	1	
0.246751	-0.440872	0.862987	0.543967	
-0.920485	-0.385083	0.0664647	0.00530939	
0.303019	-0.810767	-0.500836	0.749739	
0	0	0	1	
0.24386	-0.446112	0.861114	0.517974	
-0.922468	-0.380734	0.0639899	0.00637572	
0.299309	-0.809954	-0.504369	0.77261	
0	0	0	1	
0.241557	-0.450984	0.859222	0.493292	
-0.923965	-0.377479	0.0616293	0.00736141	
0.296545	-0.808778	-0.507877	0.794984	
0	0	0	1	
0.239756	-0.455632	0.857273	0.46824	
-0.925234	-0.374684	0.0596216	0.0073752	
0.294041	-0.807472	-0.511399	0.818608	
0	0	0	1	
0.238756	-0.459996	0.855219	0.442959	
-0.92628	-0.372291	0.0583508	0.00648338	
0.291549	-0.806104	-0.514971	0.842802	
0	0	0	1	
0.238083	-0.464391	0.853028	0.418175	
-0.9273	-0.369885	0.0574451	0.00530875	
0.288846	-0.80469	-0.518693	0.866742	
0	0	0	1	
0.237935	-0.46805	0.851068	0.395007	
-0.927915	-0.368439	0.056794	0.00296494	
0.286984	-0.803232	-0.521975	0.889387	
0	0	0	1	
0.238643	-0.470698	0.849407	0.372255	
-0.928567	-0.366652	0.057703	-0.00116492	
0.284276	-0.802502	-0.524574	0.911176	
0	0	0	1	
0.240137	-0.47348	0.847438	0.348437	
-0.928838	-0.365785	0.0588317	-0.0067679	
0.282125	-0.80126	-0.527625	0.932878	
0	0	0	1	
0.241961	-0.474198	0.846517	0.32428	
-0.92937	-0.363945	0.0617704	-0.0149979	
0.278794	-0.801674	-0.528766	0.954463	
0	0	0	1	
0.244547	-0.475679	0.844942	0.301107	
-0.929966	-0.361765	0.0654917	-0.025144	
0.274517	-0.801783	-0.530834	0.9746	
0	0	0	1	
0.247125	-0.476544	0.843703	0.28022	
-0.930318	-0.360197	0.0690469	-0.0345231	
0.270995	-0.801975	-0.532351	0.992798	
0	0	0	1	
0.248211	-0.477346	0.842931	0.259359	
-0.930682	-0.358912	0.0708009	-0.0435159	
0.268741	-0.802074	-0.533344	1.00957	
0	0	0	1	
0.25115	-0.477424	0.842015	0.240449	
-0.930596	-0.358419	0.0743475	-0.0528892	
0.266299	-0.802248	-0.534306	1.02468	
0	0	0	1	
0.251739	-0.476798	0.842194	0.236431	
-0.93064	-0.358071	0.0754584	-0.0546317	
0.265587	-0.802776	-0.533867	1.0278	
0	0	0	1	
0.251742	-0.476792	0.842197	0.236429	
-0.93064	-0.35807	0.0754642	-0.0546299	
0.265585	-0.802779	-0.533863	1.0278	
0	0	0	1	
0.251742	-0.476792	0.842197	0.236429	
-0.930639	-0.358074	0.0754619	-0.054631	
0.265589	-0.802778	-0.533863	1.0278	
0	0	0	1	
0.251743	-0.476793	0.842196	0.236431	
-0.93064	-0.358072	0.0754643	-0.05463	
0.265586	-0.802779	-0.533864	1.0278	
0	0	0	1	
0.251742	-0.476797	0.842194	0.236433	
-0.930639	-0.358074	0.0754604	-0.0546292	
0.265589	-0.802775	-0.533868	1.0278	
0	0	0	1	
0.25174	-0.476794	0.842196	0.23643	
-0.930639	-0.358074	0.0754599	-0.0546302	
0.26559	-0.802777	-0.533864	1.0278	
0	0	0	1	
0.251745	-0.476793	0.842195	0.236431	
-0.930637	-0.358077	0.0754636	-0.0546267	
0.265591	-0.802776	-0.533865	1.0278	
0	0	0	1	
0.25174	-0.476796	0.842195	0.236432	
-0.93064	-0.358071	0.0754601	-0.0546302	
0.265587	-0.802776	-0.533867	1.0278	
0	0	0	1	
0.251743	-0.476791	0.842197	0.236431	
-0.930639	-0.358074	0.0754637	-0.0546279	
0.265589	-0.802778	-0.533863	1.0278	
0	0	0	1	
0.251744	-0.476796	0.842194	0.236433	
-0.930639	-0.358074	0.0754633	-0.0546289	
0.265587	-0.802776	-0.533868	1.0278	
0	0	0	1	
0.251741	-0.476797	0.842194	0.236433	
-0.930639	-0.358074	0.0754598	-0.0546294	
0.265589	-0.802775	-0.533868	1.0278	
0	0	0	1	
0.251742	-0.476795	0.842195	0.236432	
-0.930639	-0.358074	0.0754615	-0.0546298	
0.265588	-0.802776	-0.533867	1.0278	
0	0	0	1	
0.251741	-0.476794	0.842196	0.236431	
-0.93064	-0.358072	0.0754621	-0.0546299	
0.265587	-0.802778	-0.533864	1.0278	
0	0	0	1	
0.25174	-0.476799	0.842193	0.236433	
-0.93064	-0.358073	0.0754589	-0.0546297	
0.265588	-0.802774	-0.533869	1.0278	
0	0	0	1	
0.251742	-0.476795	0.842195	0.236432	
-0.930639	-0.358073	0.0754617	-0.0546286	
0.265587	-0.802777	-0.533866	1.0278	
0	0	0	1	
0.251742	-0.476799	0.842193	0.236434	
-0.930639	-0.358073	0.07546	-0.0546291	
0.265587	-0.802774	-0.53387	1.0278	
0	0	0	1	
0.251746	-0.476794	0.842194	0.236432	
-0.930637	-0.358078	0.0754632	-0.054627	
0.265591	-0.802775	-0.533867	1.0278	
0	0	0	1	
0.251741	-0.476798	0.842194	0.236433	
-0.93064	-0.358072	0.0754599	-0.0546301	
0.265587	-0.802775	-0.533868	1.0278	
0	0	0	1	
0.251742	-0.476797	0.842194	0.236432	
-0.930639	-0.358074	0.0754601	-0.0546297	
0.265588	-0.802775	-0.533868	1.0278	
0	0	0	1	
0.251744	-0.476795	0.842195	0.236431	
-0.930639	-0.358074	0.0754634	-0.054628	
0.265587	-0.802777	-0.533866	1.0278	
0	0	0	1	
0.251744	-0.476797	0.842193	0.236433	
-0.930638	-0.358077	0.0754602	-0.054628	
0.265591	-0.802773	-0.533869	1.0278	
0	0	0	1	
0.251742	-0.476799	0.842193	0.236433	
-0.93064	-0.358071	0.0754612	-0.0546298	
0.265585	-0.802775	-0.53387	1.0278	
0	0	0	1	
0.251741	-0.476798	0.842194	0.236433	
-0.930639	-0.358073	0.0754598	-0.0546294	
0.265588	-0.802775	-0.533869	1.0278	
0	0	0	1	
0.25174	-0.476797	0.842194	0.236433	
-0.93064	-0.35807	0.0754613	-0.0546314	
0.265584	-0.802777	-0.533867	1.0278	
0	0	0	1	
0.251741	-0.476796	0.842195	0.236431	
-0.93064	-0.358071	0.0754618	-0.0546292	
0.265585	-0.802777	-0.533867	1.0278	
0	0	0	1	
0.251745	-0.476799	0.842192	0.236435	
-0.930639	-0.358073	0.0754639	-0.0546278	
0.265585	-0.802774	-0.533871	1.0278	
0	0	0	1	
0.251744	-0.476797	0.842194	0.236433	
-0.930639	-0.358072	0.0754636	-0.054629	
0.265585	-0.802776	-0.533868	1.0278	
0	0	0	1	
0.25175	-0.476798	0.842191	0.236435	
-0.930636	-0.358082	0.0754638	-0.0546245	
0.265592	-0.802771	-0.533873	1.0278	
0	0	0	1	
0.251746	-0.476795	0.842194	0.236433	
-0.930637	-0.358078	0.0754631	-0.0546272	
0.26559	-0.802774	-0.533868	1.0278	
0	0	0	1	
0.251742	-0.476798	0.842193	0.236433	
-0.93064	-0.358072	0.0754617	-0.0546301	
0.265586	-0.802775	-0.533869	1.0278	
0	0	0	1	
0.25174	-0.476801	0.842192	0.236434	
-0.93064	-0.358073	0.0754573	-0.0546304	
0.265588	-0.802773	-0.533871	1.0278	
0	0	0	1	
0.25174	-0.476795	0.842195	0.236431	
-0.93064	-0.358072	0.0754604	-0.0546287	
0.265588	-0.802777	-0.533866	1.0278	
0	0	0	1	
0.251746	-0.476797	0.842192	0.236434	
-0.930638	-0.358075	0.0754647	-0.0546272	
0.265586	-0.802774	-0.53387	1.0278	
0	0	0	1	
0.251743	-0.476796	0.842194	0.236432	
-0.930639	-0.358073	0.0754622	-0.0546293	
0.265587	-0.802776	-0.533867	1.0278	
0	0	0	1	
camera desired pose
0.124625	-0.311249	0.942121	0.261991	
-0.953552	-0.300013	0.027022	0.199968	
0.274238	-0.901729	-0.334182	0.776654	
0	0	0	1	
error feature
9.65527	
9.64011	
9.52244	
9.30505	
9.09742	
8.94185	
8.78534	
8.5401	
8.31803	
8.13687	
7.94721	
7.70118	
7.55958	
7.40019	
7.21783	
7.05267	
7.02102	
7.05887	
7.06854	
7.0709	
7.07435	
7.07575	
7.06987	
7.07387	
7.06469	
7.06796	
7.07277	
7.05953	
7.07251	
7.07559	
7.08155	
7.0657	
7.0678	
7.07492	
7.07835	
7.08875	
7.07973	
7.07311	
7.06425	
7.08888	
7.07016	
7.06797	
7.06666	
7.08006	
7.0871	
7.07378	
7.07744	
7.07478	
7.08358	
7.06953	
7.06871	
visual servoing time
0	
1.29698	
2.56482	
3.83914	
5.07904	
6.3542	
7.65746	
8.93882	
10.1777	
11.4408	
12.7367	
14.0014	
15.3163	
16.601	
17.8918	
19.151	
20.4128	
21.6899	
22.9706	
24.2447	
25.605	
26.8784	
28.173	
29.431	
30.7405	
32.0422	
33.2915	
34.5724	
35.874	
37.1255	
38.4174	
39.6838	
40.9631	
42.2514	
43.5545	
44.8406	
46.1159	
47.4264	
48.7203	
50.0183	
51.287	
52.8944	
54.6492	
56.15	
57.4381	
58.7279	
60.0156	
61.2603	
62.5293	
63.8635	
65.1669	
error pixel ave
0.0837178	
0.0840006	
0.0841988	
0.0841494	
0.0839911	
0.0840694	
0.0838929	
0.0842335	
0.0838358	
0.0840383	
0.0840758	
0.0830767	
0.0831163	
0.0824215	
0.0820699	
0.0820526	
0.0813249	
0.0807619	
0.0810187	
0.0807678	
0.0809868	
0.0810253	
0.0807923	
0.0807524	
0.0806034	
0.0810214	
0.0806701	
0.0807828	
0.0810303	
0.0808242	
0.0808406	
0.0809041	
0.080911	
0.0808487	
0.0808596	
0.0807531	
0.0808652	
0.0807841	
0.0808779	
0.0808681	
0.0806412	
0.0808691	
0.0808036	
0.0806761	
0.0808609	
0.080811	
0.0807312	
0.080702	
0.0809317	
0.0808487	
0.0808964	
order
6	
6	
6	
6	
6	
6	
6	
6	
6	
6	
6	
6	
6	
6	
6	
6	
6	
6	
6	
6	
6	
6	
6	
6	
6	
6	
6	
6	
6	
6	
6	
6	
6	
6	
6	
6	
6	
6	
6	
6	
6	
6	
6	
6	
6	
6	
6	
6	
6	
6	
6	
px
0.48631	
0.486375	
0.486485	
0.486632	
0.486684	
0.486737	
0.486683	
0.486702	
0.486657	
0.486598	
0.486539	
0.486414	
0.48633	
0.48621	
0.486143	
0.486093	
0.485932	
0.485843	
0.485843	
0.485835	
0.485834	
0.485828	
0.485844	
0.485835	
0.485834	
0.485829	
0.485831	
0.485833	
0.485833	
0.485832	
0.485826	
0.485818	
0.48582	
0.485815	
0.485826	
0.485822	
0.485827	
0.485825	
0.485825	
0.485818	
0.485826	
0.485816	
0.485822	
0.485809	
0.485815	
0.485822	
0.485815	
0.485821	
0.485814	
0.48582	
0.485816	
py
0.536404	
0.536234	
0.53644	
0.536349	
0.536499	
0.536379	
0.536274	
0.535933	
0.535543	
0.535281	
0.535001	
0.534479	
0.53426	
0.533962	
0.533648	
0.533386	
0.533292	
0.533337	
0.533403	
0.533337	
0.533379	
0.5334	
0.533318	
0.533319	
0.533268	
0.533396	
0.533282	
0.53332	
0.533401	
0.533348	
0.533358	
0.533388	
0.533378	
0.533371	
0.533382	
0.533341	
0.533368	
0.533349	
0.533374	
0.533378	
0.533302	
0.53337	
0.533351	
0.533324	
0.533378	
0.533351	
0.53334	
0.533343	
0.5334	
0.533365	
0.533394	
