camera velocity
-0.0263638	-0.00111271	0.000884376	0.00146	0.0117696	-0.00368151	
-0.0273732	-0.000819474	0.0010088	0.00155669	0.0122239	-0.00357648	
-0.0280907	-0.00163876	0.00162981	0.00103602	0.0125815	-0.00401664	
-0.0274553	-0.00150947	0.00225284	0.000940075	0.0123567	-0.00442604	
-0.0257875	-0.000866233	0.00236856	0.00117019	0.011656	-0.00442064	
-0.0262251	-0.000802187	0.0028109	0.00103601	0.0118412	-0.00439213	
-0.0240307	-0.000576249	0.00289287	0.00108655	0.0109334	-0.00452175	
-0.0242092	-0.000629316	0.00343215	0.000901489	0.0110342	-0.00470067	
-0.0233429	-0.00133731	0.0033683	0.000461963	0.0107459	-0.00489898	
-0.022351	-0.000649646	0.00423089	0.00063846	0.0103515	-0.00505501	
-0.022317	-0.00126782	0.004474	0.000246118	0.0103379	-0.00512742	
-0.0219558	-0.00198893	0.00460313	-0.000237155	0.0102247	-0.00532952	
-0.0205089	-0.00192746	0.00407631	-0.000203914	0.00957976	-0.00499423	
-0.0207304	-0.00272501	0.00479209	-0.000790963	0.00974503	-0.00543928	
-0.0164824	-0.0014627	0.00381591	-6.71015e-05	0.00793996	-0.00461625	
-0.0157168	-0.00139535	0.00340736	-3.43927e-05	0.00762946	-0.00440729	
-0.0139467	-0.00106383	0.00334943	7.38463e-05	0.00690915	-0.00409868	
-0.0121057	-0.000654893	0.00292245	0.000257998	0.00609146	-0.00378676	
-0.0110742	0.000181797	0.0030057	0.000653497	0.00570038	-0.00352007	
-0.00977672	0.000351301	0.00290385	0.000724655	0.00518871	-0.00336058	
-0.00930385	-0.000317881	0.00275476	0.000370873	0.00495585	-0.00311751	
-0.008626	2.98094e-05	0.00295005	0.000470995	0.00471041	-0.0029922	
-0.00797958	0.000129394	0.00285171	0.00050648	0.00445351	-0.00282504	
-0.00839934	-0.000290859	0.0035874	0.000125825	0.00462217	-0.00317792	
-0.00810894	-0.000770368	0.00334883	-0.000132539	0.00446365	-0.00304276	
-0.00895687	-0.00122834	0.00352013	-0.000405043	0.00479105	-0.00301614	
-0.00865115	-0.00102222	0.00347861	-0.000320436	0.00463269	-0.00303914	
-0.00813301	-0.000493083	0.00350825	-0.000101391	0.00438087	-0.00308805	
-0.0100763	-0.00102178	0.0046231	-0.000456479	0.00521221	-0.00344091	
-0.0100608	-0.000573619	0.00491279	-0.000211213	0.00521508	-0.00331815	
-0.00911914	-0.000967391	0.0040114	-0.000326609	0.00477424	-0.00312666	
-0.00812698	-0.000997906	0.00347757	-0.0003012	0.00431923	-0.0029809	
-0.00713045	-0.000469862	0.00330084	3.3169e-05	0.00389645	-0.00291262	
-0.00685741	-0.000671444	0.00300918	-4.99602e-05	0.00375913	-0.00289252	
-0.00636631	-0.000440367	0.00275401	0.000105186	0.00353422	-0.00287253	
-0.00655667	-0.000772392	0.00275234	-5.43319e-05	0.00357739	-0.00290562	
-0.00545867	-0.00066528	0.0026694	-6.78852e-05	0.00314831	-0.00301193	
-0.00604419	-0.000533707	0.00287082	3.18511e-05	0.00341844	-0.00299587	
-0.00623853	-0.00105728	0.00280488	-0.000225118	0.00346657	-0.00307883	
-0.00598891	-0.000961128	0.00270793	-0.000187289	0.00336536	-0.0030264	
-0.00639311	-0.000699221	0.00275567	-3.85712e-05	0.00352458	-0.00295214	
-0.00570206	-0.000538684	0.00268926	1.9033e-05	0.00325774	-0.00301745	
-0.00603131	-0.000939288	0.00270119	-0.000165611	0.00339337	-0.00303966	
-0.00612484	-0.00109632	0.00261815	-0.000227263	0.00341213	-0.00302816	
-0.00657645	-0.000799288	0.00280168	-6.70885e-05	0.00361998	-0.00295891	
-0.00559104	-0.000864263	0.00270927	-0.000163259	0.0031965	-0.00305067	
-0.00677677	-0.00159891	0.00249354	-0.000467705	0.00363662	-0.00303684	
-0.00600811	-0.000899446	0.00260319	-0.000143778	0.00336471	-0.00302786	
-0.00523669	-0.00075068	0.0025313	-0.00012783	0.00302927	-0.00306453	
-0.00638168	-0.00115787	0.00273369	-0.000257745	0.00353004	-0.00304797	
-0.00589557	-0.000890217	0.00261199	-0.000145909	0.00330903	-0.0030611	
camera pose
0.253698	-0.43024	0.866332	0.59367	
-0.915516	-0.395877	0.0714994	0.0038071	
0.312199	-0.81128	-0.494324	0.706068	
0	0	0	1	
0.2537	-0.430244	0.866329	0.593672	
-0.915516	-0.395876	0.0715003	0.00380683	
0.312197	-0.811278	-0.494329	0.706065	
0	0	0	1	
0.242155	-0.428919	0.870281	0.587493	
-0.915379	-0.398338	0.0583821	0.033119	
0.321624	-0.810775	-0.489083	0.696032	
0	0	0	1	
0.230903	-0.426436	0.874549	0.580314	
-0.91442	-0.402222	0.0453035	0.0648236	
0.332444	-0.810166	-0.482816	0.685551	
0	0	0	1	
0.219165	-0.422683	0.879378	0.574036	
-0.912816	-0.40713	0.0318067	0.0988737	
0.344577	-0.809681	-0.475061	0.674972	
0	0	0	1	
0.208832	-0.419269	0.883517	0.569055	
-0.911111	-0.411675	0.0199959	0.129496	
0.355338	-0.809158	-0.467972	0.665115	
0	0	0	1	
0.198084	-0.416955	0.88708	0.564468	
-0.908953	-0.41684	0.0070401	0.161427	
0.366835	-0.807708	-0.461562	0.652727	
0	0	0	1	
0.187361	-0.414732	0.890446	0.560871	
-0.906562	-0.422032	-0.00581261	0.19266	
0.378207	-0.806156	-0.455053	0.63995	
0	0	0	1	
0.178023	-0.412447	0.893418	0.558152	
-0.903988	-0.427217	-0.0170958	0.220575	
0.388734	-0.804595	-0.448901	0.627787	
0	0	0	1	
0.16811	-0.410608	0.896181	0.55639	
-0.901176	-0.432474	-0.0291021	0.249089	
0.399525	-0.802724	-0.442734	0.614626	
0	0	0	1	
0.158716	-0.409066	0.898596	0.555404	
-0.897842	-0.438406	-0.0409923	0.277834	
0.410719	-0.800291	-0.436858	0.601862	
0	0	0	1	
0.149832	-0.407439	0.900857	0.555606	
-0.894507	-0.444014	-0.052042	0.30331	
0.421197	-0.798026	-0.430985	0.589044	
0	0	0	1	
0.140825	-0.406371	0.902791	0.556688	
-0.890951	-0.449648	-0.0634214	0.329678	
0.431711	-0.795411	-0.425379	0.575979	
0	0	0	1	
0.131705	-0.405801	0.904422	0.558757	
-0.886834	-0.455894	-0.0754095	0.356513	
0.442922	-0.79214	-0.419921	0.563019	
0	0	0	1	
0.123403	-0.405401	0.905771	0.560692	
-0.882889	-0.461582	-0.0863069	0.381025	
0.453077	-0.789045	-0.414884	0.551137	
0	0	0	1	
0.114972	-0.405161	0.906987	0.564113	
-0.878251	-0.468098	-0.0977748	0.406595	
0.464173	-0.785321	-0.409651	0.539049	
0	0	0	1	
0.108356	-0.404377	0.908151	0.566618	
-0.874547	-0.47314	-0.106331	0.425498	
0.472681	-0.782699	-0.404914	0.529171	
0	0	0	1	
0.101854	-0.403402	0.909336	0.568893	
-0.87053	-0.478542	-0.114785	0.443852	
0.48146	-0.779913	-0.399915	0.519319	
0	0	0	1	
0.0959958	-0.402701	0.910284	0.571327	
-0.866886	-0.483254	-0.122368	0.460453	
0.489176	-0.777366	-0.395487	0.509775	
0	0	0	1	
0.0909427	-0.401782	0.911208	0.573385	
-0.863487	-0.487639	-0.128836	0.474254	
0.496104	-0.7751	-0.391281	0.501399	
0	0	0	1	
0.0863769	-0.40054	0.912199	0.575197	
-0.860487	-0.49145	-0.134312	0.485978	
0.502097	-0.773333	-0.387109	0.492953	
0	0	0	1	
0.0820291	-0.399472	0.913068	0.577238	
-0.857379	-0.495364	-0.139698	0.496281	
0.508107	-0.771386	-0.383133	0.484657	
0	0	0	1	
0.0778032	-0.39861	0.913814	0.579521	
-0.854399	-0.498999	-0.144921	0.50675	
0.513759	-0.769487	-0.379396	0.477325	
0	0	0	1	
0.0736248	-0.397817	0.914506	0.582047	
-0.851578	-0.502323	-0.149956	0.516026	
0.519033	-0.767732	-0.375755	0.470033	
0	0	0	1	
0.070078	-0.397041	0.915122	0.584363	
-0.849046	-0.50531	-0.154219	0.524108	
0.523651	-0.766173	-0.372517	0.463325	
0	0	0	1	
0.0659473	-0.396567	0.915634	0.587872	
-0.846412	-0.508193	-0.15914	0.533108	
0.528429	-0.764509	-0.369173	0.456038	
0	0	0	1	
0.0620276	-0.39649	0.915941	0.591419	
-0.843736	-0.511062	-0.16409	0.541862	
0.533163	-0.762634	-0.366233	0.449714	
0	0	0	1	
0.0577918	-0.396725	0.916116	0.595528	
-0.840699	-0.514238	-0.169657	0.551926	
0.53841	-0.760374	-0.363245	0.442939	
0	0	0	1	
0.0541444	-0.397	0.91622	0.599333	
-0.837614	-0.517554	-0.174758	0.561113	
0.543572	-0.757977	-0.360555	0.436308	
0	0	0	1	
0.0505363	-0.396797	0.916514	0.603082	
-0.834764	-0.520579	-0.179352	0.56961	
0.548284	-0.756009	-0.35754	0.429546	
0	0	0	1	
0.0465223	-0.397123	0.916586	0.608037	
-0.83127	-0.524206	-0.184927	0.580341	
0.553919	-0.753327	-0.354503	0.421193	
0	0	0	1	
0.0423045	-0.396981	0.916852	0.613293	
-0.827632	-0.527982	-0.190419	0.591022	
0.559674	-0.75076	-0.35089	0.412122	
0	0	0	1	
0.0385936	-0.39702	0.916998	0.617752	
-0.824501	-0.531109	-0.195247	0.600412	
0.564543	-0.74853	-0.347841	0.404845	
0	0	0	1	
0.0349709	-0.397065	0.917124	0.621842	
-0.821362	-0.534208	-0.199964	0.609091	
0.569334	-0.746298	-0.344816	0.39832	
0	0	0	1	
0.0317286	-0.397079	0.917236	0.625598	
-0.818532	-0.536965	-0.204142	0.61629	
0.573584	-0.74431	-0.342059	0.392116	
0	0	0	1	
0.0287988	-0.397016	0.91736	0.629228	
-0.815597	-0.539918	-0.208062	0.623567	
0.577903	-0.742204	-0.339354	0.38612	
0	0	0	1	
0.0283323	-0.396989	0.917386	0.63012	
-0.814421	-0.541295	-0.209087	0.625663	
0.579582	-0.741215	-0.338652	0.384091	
0	0	0	1	
0.0283098	-0.396993	0.917385	0.630133	
-0.814424	-0.541284	-0.209105	0.625649	
0.579579	-0.741221	-0.338644	0.3841	
0	0	0	1	
0.0283103	-0.396994	0.917385	0.630133	
-0.814422	-0.541287	-0.209106	0.625649	
0.579582	-0.741218	-0.338644	0.384097	
0	0	0	1	
0.0283065	-0.396994	0.917385	0.630135	
-0.814424	-0.541283	-0.209108	0.625647	
0.57958	-0.741221	-0.338643	0.384099	
0	0	0	1	
0.0283064	-0.396993	0.917385	0.630135	
-0.814424	-0.541283	-0.209108	0.625647	
0.57958	-0.741221	-0.338643	0.384101	
0	0	0	1	
0.0283018	-0.39699	0.917386	0.630136	
-0.814425	-0.541281	-0.209109	0.625646	
0.579578	-0.741225	-0.338638	0.384105	
0	0	0	1	
0.028305	-0.396991	0.917386	0.630135	
-0.814425	-0.541282	-0.209107	0.625646	
0.579579	-0.741223	-0.33864	0.384103	
0	0	0	1	
0.0283036	-0.396993	0.917385	0.630136	
-0.814422	-0.541285	-0.209111	0.625646	
0.579583	-0.74122	-0.33864	0.3841	
0	0	0	1	
0.0283101	-0.396988	0.917387	0.630132	
-0.814424	-0.541286	-0.209102	0.62565	
0.57958	-0.741222	-0.33864	0.384104	
0	0	0	1	
0.0283089	-0.396992	0.917386	0.630134	
-0.814425	-0.541283	-0.209105	0.625648	
0.579578	-0.741222	-0.338643	0.384102	
0	0	0	1	
0.0283111	-0.396993	0.917385	0.630133	
-0.814423	-0.541286	-0.209105	0.625648	
0.579581	-0.741219	-0.338644	0.384099	
0	0	0	1	
0.0283086	-0.396993	0.917385	0.630134	
-0.814424	-0.541284	-0.209106	0.625648	
0.57958	-0.741221	-0.338643	0.3841	
0	0	0	1	
0.0283084	-0.396996	0.917384	0.630134	
-0.814422	-0.541286	-0.209109	0.625647	
0.579582	-0.741218	-0.338645	0.384098	
0	0	0	1	
0.0283072	-0.396991	0.917386	0.630133	
-0.814425	-0.541283	-0.209106	0.625648	
0.579578	-0.741222	-0.338642	0.384102	
0	0	0	1	
0.0283054	-0.39699	0.917386	0.630134	
-0.814425	-0.541282	-0.209106	0.625647	
0.579578	-0.741224	-0.33864	0.384105	
0	0	0	1	
camera desired pose
0.124625	-0.311249	0.942121	0.261991	
-0.953552	-0.300013	0.027022	0.199968	
0.274238	-0.901729	-0.334182	0.776654	
0	0	0	1	
error feature
298.338	
300.368	
298.187	
292.248	
283.303	
275.107	
270.651	
264.77	
256.225	
251.123	
244.272	
235.712	
228.782	
222.259	
214.938	
209.271	
204.145	
198.403	
193.999	
188.93	
185.472	
182.551	
178.447	
174.59	
170.71	
168.171	
165.282	
163.915	
161.099	
157.436	
154.043	
152.355	
148.196	
146.665	
144.114	
141.871	
140.688	
140.827	
140.721	
141.216	
141.33	
140.902	
140.605	
140.561	
140.69	
141.365	
141.294	
140.825	
141.925	
140.61	
141.28	
visual servoing time
0	
1.27863	
2.52974	
3.75616	
4.98801	
6.24892	
7.52962	
8.77362	
10.0345	
11.3242	
12.5682	
13.8308	
15.1109	
16.4049	
17.6825	
18.9506	
20.1989	
21.4729	
22.724	
23.9676	
25.2319	
26.5235	
27.797	
29.0945	
30.4006	
31.6741	
32.9322	
34.1711	
35.4263	
36.7332	
38.0058	
39.2653	
40.5328	
41.7799	
43.0546	
44.3239	
45.5829	
46.8304	
48.1171	
49.4009	
50.6904	
51.9486	
53.241	
54.5246	
55.8186	
57.1053	
58.3845	
59.6651	
60.9751	
62.27	
63.5393	
error pixel ave
0.0835769	
0.0840747	
0.0838524	
0.0832901	
0.0820167	
0.0809297	
0.080586	
0.0798283	
0.0785504	
0.0781068	
0.0772269	
0.0760985	
0.0751793	
0.0743598	
0.0733917	
0.0727378	
0.0720953	
0.0713628	
0.070782	
0.0699513	
0.0695312	
0.0691661	
0.0684056	
0.0677832	
0.0671806	
0.0668321	
0.0664391	
0.0664448	
0.0661009	
0.0653969	
0.0647843	
0.0646928	
0.0638796	
0.0638125	
0.0634894	
0.0631782	
0.0629574	
0.0629778	
0.0629218	
0.0631254	
0.0631362	
0.0629627	
0.0628693	
0.0628606	
0.0629245	
0.0631305	
0.0631322	
0.062974	
0.0633491	
0.0628783	
0.0631426	
order
6	
6	
6	
6	
6	
6	
6	
6	
6	
6	
6	
6	
6	
6	
6	
6	
6	
6	
6	
6	
6	
6	
6	
6	
6	
6	
6	
6	
6	
6	
6	
6	
6	
6	
6	
6	
6	
6	
6	
6	
6	
6	
6	
6	
6	
6	
6	
6	
6	
6	
6	
