camera velocity
-0.024833	0.00240639	0.00562341	0.00457559	0.011727	-0.00359261	
-0.024306	0.00221263	0.0053037	0.00447139	0.0114655	-0.0035233	
-0.0233385	0.00225066	0.00488813	0.00440856	0.0110267	-0.00348061	
-0.0232203	0.00226835	0.00518752	0.00437528	0.0110837	-0.00375398	
-0.0242671	0.00384632	0.00500493	0.00535299	0.011491	-0.0025496	
-0.0252741	0.00370113	0.00606712	0.00528315	0.0120749	-0.00292389	
-0.0223238	0.00382776	0.00507478	0.00529342	0.0107494	-0.0022242	
-0.0212359	0.00223861	0.00390269	0.00441731	0.0103227	-0.00209288	
-0.0138086	0.00107104	-0.00221207	0.00387215	0.00667603	-0.000179385	
-0.0138756	0.000369663	-0.00200674	0.00346138	0.00675212	-0.000233791	
-0.0106611	5.68881e-05	-0.00365226	0.00332215	0.00524057	0.000444737	
-0.00893418	0.000178059	-0.00431873	0.00340925	0.00444497	0.000984743	
-0.00758251	-0.000135201	-0.00506198	0.00329032	0.00382694	0.0014789	
-0.00501708	-0.000364295	-0.0067365	0.00323755	0.00257541	0.0023668	
-0.00150715	-0.000913315	-0.00964312	0.00309845	0.000899245	0.00357894	
0.00187612	-0.00120394	-0.012266	0.00309524	-0.00070681	0.00474455	
0.00687831	-0.00176686	-0.0167749	0.0030451	-0.00312187	0.00675255	
0.0111334	-0.00223091	-0.0203817	0.00299713	-0.00512375	0.00818277	
0.0131083	-0.00113182	-0.0211457	0.00359425	-0.0059956	0.00913253	
0.0137222	-0.00121964	-0.0210104	0.00342941	-0.00622889	0.00906249	
0.0109661	-0.000273933	-0.0170753	0.00351362	-0.00487702	0.00783721	
0.00741963	0.000624014	-0.0127204	0.00355404	-0.00320844	0.00627504	
0.00480098	0.00131003	-0.00952759	0.00354588	-0.00201752	0.00513227	
0.00299907	0.00140236	-0.00733776	0.00336104	-0.00118603	0.00416418	
0.00186538	0.00149785	-0.00587496	0.00317128	-0.000700032	0.00343125	
0.00159757	0.00110679	-0.00538339	0.00285555	-0.000564623	0.00297225	
0.0010912	0.000824796	-0.00473903	0.00259956	-0.000345331	0.00255321	
0.000752936	0.000613952	-0.00428693	0.00238645	-0.000202851	0.00222216	
0.000615548	0.000530239	-0.00405304	0.00223363	-0.000158363	0.00205666	
0.000288201	0.000324473	-0.00370512	0.0020311	-3.20472e-05	0.00183252	
0.000313007	-5.23934e-05	-0.00358427	0.00179478	-5.31144e-05	0.00162606	
0.000259958	-0.000114962	-0.00335047	0.00166458	-2.2604e-05	0.00145984	
8.20546e-05	-0.000277429	-0.00319304	0.00148806	3.63212e-05	0.00131931	
0.000134844	-0.000559124	-0.00314933	0.00129757	1.33031e-06	0.00118545	
5.841e-05	-0.000833322	-0.00302734	0.00113155	4.14527e-05	0.00107897	
1.52369e-05	-0.000716029	-0.00281679	0.0011205	6.51017e-05	0.00102636	
5.5656e-05	-0.000782009	-0.00276025	0.00102205	2.96272e-05	0.00096665	
1.51208e-05	-0.000821645	-0.00260263	0.000950446	3.07015e-05	0.000891225	
0.000224319	-0.000955466	-0.0025643	0.000833026	-6.01488e-05	0.000825031	
-9.69578e-05	-0.00104385	-0.00238724	0.000752956	8.08738e-05	0.000816399	
-0.000205855	-0.00109427	-0.00232363	0.000672731	0.000129567	0.000780963	
-0.000190147	-0.000936563	-0.00216881	0.000688914	0.000107049	0.00076942	
-0.000129583	-0.00121612	-0.00219667	0.000489683	5.74419e-05	0.000703484	
-0.000155606	-0.00107904	-0.00197762	0.000500189	7.05781e-05	0.000658821	
-0.000140866	-0.00107456	-0.00190656	0.000450321	4.69503e-05	0.00062174	
-0.000105664	-0.00119502	-0.00180227	0.00034864	4.98662e-05	0.000568334	
-9.79676e-05	-0.00137139	-0.00187345	0.000199607	2.24092e-05	0.000547743	
-0.000136433	-0.00121184	-0.00168446	0.000208506	4.03634e-05	0.000515567	
-3.83919e-05	-0.0012363	-0.00162826	0.000158288	-7.00468e-07	0.000484588	
0.000126345	-0.00134736	-0.00156652	4.73883e-05	-7.84033e-05	0.000465187	
-6.79652e-05	-0.00117941	-0.00135906	9.11121e-05	1.54864e-05	0.000416992	
-0.000177327	-0.00112078	-0.00133318	7.889e-05	2.92291e-05	0.000455491	
-0.000169229	-0.0011053	-0.00127509	3.91456e-05	4.20662e-05	0.000438335	
-0.000223375	-0.00107558	-0.00115791	8.0556e-06	6.1719e-05	0.000357076	
-0.000101853	-0.00105037	-0.0011613	-1.93375e-05	-7.18019e-06	0.000371417	
-0.000134345	-0.000967376	-0.00106378	-2.144e-05	1.49976e-05	0.00034068	
-3.08497e-05	-0.000826125	-0.000761814	2.19614e-05	-1.35237e-05	0.000289616	
-8.25531e-06	-0.000979363	-0.000764838	-8.80159e-05	-3.14621e-05	0.000289168	
7.69858e-05	-0.000815729	-0.00073372	-7.21452e-05	-5.22754e-05	0.00029086	
4.37999e-05	-0.000774382	-0.000640583	-8.30859e-05	-5.54639e-05	0.000262528	
0.000117408	-0.000720799	-0.000609367	-9.07282e-05	-7.79401e-05	0.000245402	
-0.00013741	-0.000868434	-0.000504749	-0.000193725	1.17686e-05	0.000209605	
4.18165e-05	-0.000691162	-0.000363127	-0.000157382	-7.80525e-05	0.000214846	
-4.2564e-05	-0.00047925	-0.000221286	-8.82223e-05	-2.91156e-05	0.00020217	
-9.00592e-05	-0.000417457	-0.000148945	-8.2302e-05	-3.06043e-06	0.00017479	
-7.7309e-05	-0.00031095	-0.000138141	-4.41357e-05	-5.13314e-06	0.000146787	
-8.9085e-05	-0.000322683	-0.000125788	-6.25053e-05	-1.54422e-05	0.000125684	
-9.73109e-05	-0.000305424	-0.000122008	-6.70785e-05	-2.68141e-05	0.000108066	
-9.44893e-05	-0.00027604	-0.000115055	-6.84122e-05	-4.11157e-05	9.40274e-05	
1.46488e-06	-0.000184981	-6.82341e-05	-3.95691e-05	-8.29778e-05	7.94656e-05	
-4.31081e-05	-0.00017459	-8.30596e-05	-3.86746e-05	-5.94285e-05	7.96548e-05	
-6.68912e-06	-0.000129482	-5.51186e-05	-2.21317e-05	-7.96468e-05	6.47857e-05	
-2.07168e-06	-0.000123072	-5.44233e-05	-2.84665e-05	-7.86379e-05	6.18846e-05	
-3.3216e-06	-0.000116546	-4.46255e-05	-3.19464e-05	-5.71826e-05	6.76172e-05	
7.16197e-05	-8.58575e-05	-5.64938e-05	-2.68525e-05	-6.30812e-05	6.3169e-05	
8.21031e-05	-5.33777e-05	-5.54391e-05	-1.53762e-05	-5.32111e-05	4.93349e-05	
6.41792e-05	-4.70209e-05	-4.74317e-05	7.19065e-06	-1.47105e-05	7.25426e-05	
7.30158e-05	-2.41994e-05	-3.86574e-05	3.27825e-07	-1.76074e-05	8.62923e-05	
4.23729e-05	-5.692e-05	-3.42973e-05	-1.83434e-05	-5.08786e-06	7.71773e-05	
5.01353e-05	-4.13153e-05	-2.58325e-05	-2.23979e-05	-1.25116e-05	8.17069e-05	
5.9436e-05	-1.78506e-05	-2.62841e-05	-1.2322e-05	-2.17582e-05	8.75568e-05	
5.39234e-05	-1.43309e-05	-2.07433e-05	-1.68671e-05	-1.72425e-05	8.30897e-05	
5.16281e-05	1.26255e-05	-1.98656e-05	2.08144e-06	-2.37306e-05	7.77844e-05	
3.89052e-05	-4.8214e-05	-2.4178e-05	-1.40698e-05	-1.45539e-05	6.49254e-05	
9.96098e-05	-3.73989e-05	-1.37719e-05	-1.29521e-05	-4.5178e-05	5.78741e-05	
0.00010274	-3.49213e-05	-1.09378e-05	-1.367e-05	-4.56394e-05	4.67215e-05	
0.000108021	-2.24996e-05	-1.23313e-05	-5.16862e-06	-4.46389e-05	6.12269e-05	
0.000114118	-7.35216e-06	-1.03675e-05	-2.65028e-06	-4.0645e-05	7.69685e-05	
8.12707e-05	-2.69781e-05	-9.19939e-06	-1.32024e-05	-2.56121e-05	6.65682e-05	
6.36016e-05	-1.28712e-05	-9.5296e-06	-8.2457e-06	-2.04877e-05	4.15573e-05	
7.82006e-05	2.68293e-05	-9.68202e-06	4.50028e-06	-2.4834e-05	4.83957e-05	
-4.23e-05	-4.1334e-05	-4.91585e-06	-2.54057e-05	2.72525e-05	4.43296e-05	
-4.59474e-05	-4.3441e-05	-5.35486e-06	-2.99692e-05	1.99567e-05	2.61102e-05	
camera pose
0.253835	-0.43038	0.866222	0.593733	
-0.91545	-0.396029	0.071495	0.00382901	
0.312279	-0.811131	-0.494518	0.705928	
0	0	0	1	
0.253829	-0.430381	0.866224	0.593733	
-0.915454	-0.396022	0.0714923	0.00382514	
0.312275	-0.811134	-0.494515	0.70593	
0	0	0	1	
0.242657	-0.425495	0.871821	0.590812	
-0.915251	-0.39834	0.0603345	0.0296004	
0.321609	-0.812576	-0.486095	0.690767	
0	0	0	1	
0.231563	-0.419906	0.877529	0.587288	
-0.914444	-0.401725	0.0490748	0.0574111	
0.331919	-0.813816	-0.477005	0.675347	
0	0	0	1	
0.221097	-0.413607	0.883202	0.583626	
-0.913247	-0.405566	0.0386907	0.0832459	
0.342194	-0.815135	-0.467395	0.661351	
0	0	0	1	
0.210345	-0.407367	0.888711	0.580714	
-0.911785	-0.409711	0.028003	0.110458	
0.352707	-0.816204	-0.457611	0.645726	
0	0	0	1	
0.199499	-0.399259	0.89487	0.576992	
-0.910766	-0.412485	0.0190067	0.135798	
0.361532	-0.818809	-0.445921	0.629929	
0	0	0	1	
0.188247	-0.392624	0.900228	0.574461	
-0.9095	-0.415609	0.00892258	0.163934	
0.37064	-0.820436	-0.435328	0.611068	
0	0	0	1	
0.177091	-0.386054	0.905318	0.572145	
-0.908258	-0.41841	-0.000755959	0.188236	
0.379086	-0.822129	-0.424733	0.59398	
0	0	0	1	
0.16667	-0.380949	0.90945	0.570029	
-0.90715	-0.42069	-0.00996994	0.211188	
0.386394	-0.823345	-0.415694	0.579669	
0	0	0	1	
0.158892	-0.376168	0.912826	0.563845	
-0.906947	-0.420956	-0.0156044	0.227074	
0.390129	-0.825405	-0.408051	0.572878	
0	0	0	1	
0.151879	-0.372371	0.915572	0.558455	
-0.906624	-0.421417	-0.020999	0.242124	
0.393657	-0.82689	-0.401605	0.567025	
0	0	0	1	
0.145919	-0.369207	0.91782	0.552012	
-0.906504	-0.421433	-0.025408	0.254765	
0.39618	-0.8283	-0.396183	0.562904	
0	0	0	1	
0.140581	-0.365759	0.920031	0.545013	
-0.906687	-0.420822	-0.0287563	0.265202	
0.397687	-0.830138	-0.390789	0.560137	
0	0	0	1	
0.135282	-0.362137	0.922256	0.537602	
-0.907297	-0.419305	-0.0315585	0.27406	
0.398135	-0.83249	-0.38529	0.559031	
0	0	0	1	
0.131492	-0.359205	0.923949	0.529186	
-0.908284	-0.41706	-0.032879	0.280143	
0.397153	-0.834885	-0.3811	0.559879	
0	0	0	1	
0.128861	-0.355038	0.925928	0.518071	
-0.909522	-0.414397	-0.0323182	0.282804	
0.395176	-0.837988	-0.376314	0.56482	
0	0	0	1	
0.127071	-0.351948	0.927354	0.504573	
-0.9123	-0.408423	-0.0299958	0.281594	
0.38931	-0.842213	-0.37298	0.573042	
0	0	0	1	
0.127366	-0.349534	0.928226	0.487422	
-0.915756	-0.400936	-0.025322	0.275065	
0.38101	-0.846804	-0.371153	0.58603	
0	0	0	1	
0.129449	-0.347283	0.928783	0.466429	
-0.920017	-0.391459	-0.0181439	0.263595	
0.369881	-0.852147	-0.37018	0.603687	
0	0	0	1	
0.132469	-0.344356	0.929447	0.443544	
-0.924639	-0.380731	-0.00927531	0.248572	
0.357063	-0.858174	-0.36884	0.622006	
0	0	0	1	
0.135471	-0.341865	0.929934	0.42219	
-0.928935	-0.370243	-0.000784422	0.233249	
0.344569	-0.863741	-0.367727	0.639486	
0	0	0	1	
0.137813	-0.339089	0.930605	0.403804	
-0.932462	-0.361211	0.00647215	0.219914	
0.33395	-0.868646	-0.365967	0.653166	
0	0	0	1	
0.138707	-0.336124	0.931548	0.389618	
-0.93538	-0.353449	0.0117448	0.210182	
0.325307	-0.87298	-0.363429	0.661958	
0	0	0	1	
0.138854	-0.332684	0.93276	0.378121	
-0.937608	-0.347341	0.0156906	0.203082	
0.318766	-0.876742	-0.360156	0.667408	
0	0	0	1	
0.138871	-0.330358	0.933583	0.369427	
-0.939503	-0.342028	0.0187213	0.19855	
0.313127	-0.879705	-0.357871	0.670337	
0	0	0	1	
0.138775	-0.32737	0.93465	0.361493	
-0.940975	-0.3378	0.0213965	0.195073	
0.308721	-0.882451	-0.354925	0.672341	
0	0	0	1	
0.138283	-0.324869	0.935595	0.354755	
-0.942267	-0.334052	0.0232756	0.192252	
0.304976	-0.884799	-0.352308	0.674243	
0	0	0	1	
0.137664	-0.322266	0.936586	0.34883	
-0.943315	-0.330974	0.0247697	0.190192	
0.302003	-0.886905	-0.349562	0.675978	
0	0	0	1	
0.137014	-0.319668	0.937571	0.343324	
-0.944256	-0.328177	0.0260975	0.188673	
0.299347	-0.888882	-0.346813	0.677645	
0	0	0	1	
0.136398	-0.317428	0.938422	0.337994	
-0.945161	-0.325463	0.0272866	0.187325	
0.29676	-0.890681	-0.344413	0.679182	
0	0	0	1	
0.135673	-0.315265	0.939256	0.333478	
-0.945826	-0.32346	0.0280513	0.186607	
0.294968	-0.892178	-0.342071	0.680597	
0	0	0	1	
0.135099	-0.313346	0.93998	0.329424	
-0.946488	-0.321444	0.0288799	0.185982	
0.293102	-0.893582	-0.340005	0.682388	
0	0	0	1	
0.13475	-0.311693	0.94058	0.325276	
-0.947144	-0.319419	0.0298398	0.18546	
0.291138	-0.894885	-0.33826	0.684107	
0	0	0	1	
0.134261	-0.310505	0.941042	0.321621	
-0.947484	-0.318381	0.0301278	0.185312	
0.290255	-0.895668	-0.336944	0.685439	
0	0	0	1	
0.134042	-0.309165	0.941514	0.318015	
-0.947846	-0.317241	0.0307705	0.185236	
0.289174	-0.896535	-0.335565	0.687385	
0	0	0	1	
0.133683	-0.30801	0.941944	0.314677	
-0.948295	-0.315841	0.0313062	0.185305	
0.287862	-0.897426	-0.334307	0.689671	
0	0	0	1	
0.133034	-0.306618	0.94249	0.311545	
-0.948691	-0.314626	0.0315528	0.185352	
0.286857	-0.89833	-0.332742	0.691786	
0	0	0	1	
0.13268	-0.305846	0.942791	0.308444	
-0.949095	-0.31337	0.0319078	0.185397	
0.285683	-0.899031	-0.331855	0.693842	
0	0	0	1	
0.13238	-0.304795	0.943173	0.305671	
-0.949379	-0.312471	0.0322728	0.185589	
0.284878	-0.899701	-0.330731	0.695811	
0	0	0	1	
0.132086	-0.303761	0.943548	0.302263	
-0.949753	-0.311282	0.0327417	0.185536	
0.283764	-0.900462	-0.329614	0.698668	
0	0	0	1	
0.131659	-0.302677	0.943956	0.299125	
-0.950158	-0.310004	0.0331222	0.18599	
0.282604	-0.901268	-0.328406	0.70139	
0	0	0	1	
0.131234	-0.301669	0.944338	0.295978	
-0.950537	-0.308806	0.0334476	0.186695	
0.281527	-0.902017	-0.327273	0.704174	
0	0	0	1	
0.130682	-0.300844	0.944677	0.293108	
-0.950871	-0.307767	0.0335266	0.187248	
0.280654	-0.902647	-0.326284	0.706505	
0	0	0	1	
0.130259	-0.300343	0.944895	0.290343	
-0.951184	-0.306788	0.0336105	0.187886	
0.279788	-0.903147	-0.325643	0.709344	
0	0	0	1	
0.129731	-0.299521	0.945229	0.287915	
-0.95143	-0.306025	0.0336094	0.188488	
0.279197	-0.903679	-0.324674	0.711746	
0	0	0	1	
0.129288	-0.298964	0.945466	0.284817	
-0.951826	-0.304772	0.0337867	0.18923	
0.27805	-0.904287	-0.323965	0.714917	
0	0	0	1	
0.128797	-0.298201	0.945774	0.281842	
-0.952191	-0.303611	0.0339425	0.190016	
0.277026	-0.904929	-0.323048	0.718503	
0	0	0	1	
0.128484	-0.29806	0.945861	0.279382	
-0.95246	-0.302765	0.033973	0.190777	
0.276247	-0.905259	-0.32279	0.721763	
0	0	0	1	
0.128226	-0.297594	0.946042	0.27738	
-0.952661	-0.302117	0.0340875	0.191469	
0.275671	-0.905629	-0.322245	0.724265	
0	0	0	1	
0.12821	-0.297527	0.946066	0.275494	
-0.952865	-0.301446	0.0343303	0.192062	
0.274974	-0.905874	-0.322151	0.726818	
0	0	0	1	
0.127858	-0.29752	0.946115	0.273801	
-0.953104	-0.3007	0.034243	0.192364	
0.274309	-0.906125	-0.322014	0.729649	
0	0	0	1	
0.127796	-0.297287	0.946197	0.271899	
-0.953392	-0.299746	0.0345903	0.192924	
0.273336	-0.906517	-0.321737	0.732603	
0	0	0	1	
0.127423	-0.297348	0.946228	0.270176	
-0.953957	-0.297911	0.0348469	0.193334	
0.271531	-0.907101	-0.321618	0.735521	
0	0	0	1	
0.127412	-0.297506	0.94618	0.268485	
-0.954241	-0.29697	0.035122	0.19406	
0.270538	-0.907358	-0.32173	0.738081	
0	0	0	1	
0.127005	-0.297413	0.946264	0.266884	
-0.954475	-0.296231	0.0350014	0.194893	
0.269902	-0.907631	-0.321496	0.740666	
0	0	0	1	
0.126985	-0.297659	0.946189	0.265399	
-0.954672	-0.295578	0.0351388	0.195597	
0.269213	-0.907763	-0.321701	0.743143	
0	0	0	1	
0.126638	-0.297529	0.946277	0.263646	
-0.954897	-0.294858	0.0350825	0.196415	
0.268579	-0.908039	-0.32145	0.746003	
0	0	0	1	
0.126679	-0.297425	0.946304	0.262368	
-0.955055	-0.294312	0.0353481	0.196948	
0.267995	-0.90825	-0.32134	0.748364	
0	0	0	1	
0.126544	-0.297617	0.946262	0.261176	
-0.955393	-0.293189	0.0355512	0.19762	
0.266853	-0.908551	-0.321442	0.75158	
0	0	0	1	
0.126179	-0.298217	0.946121	0.259944	
-0.955752	-0.292033	0.035415	0.197954	
0.265737	-0.908726	-0.32187	0.754547	
0	0	0	1	
0.126137	-0.297916	0.946222	0.258621	
-0.95594	-0.291386	0.03569	0.198522	
0.265083	-0.909033	-0.321544	0.757497	
0	0	0	1	
0.125873	-0.298281	0.946142	0.257563	
-0.956081	-0.290949	0.0354705	0.198781	
0.264699	-0.909053	-0.321803	0.760131	
0	0	0	1	
0.125874	-0.298971	0.945924	0.256898	
-0.956419	-0.289811	0.0356716	0.199656	
0.263475	-0.90919	-0.322421	0.762999	
0	0	0	1	
0.125974	-0.299354	0.945789	0.256488	
-0.956594	-0.289207	0.0358749	0.20009	
0.26279	-0.909256	-0.322793	0.765276	
0	0	0	1	
0.125776	-0.299938	0.945631	0.256345	
-0.956928	-0.288099	0.0358988	0.20039	
0.261668	-0.909416	-0.323254	0.766804	
0	0	0	1	
0.125049	-0.300082	0.945682	0.256308	
-0.957073	-0.287695	0.035264	0.200836	
0.261486	-0.909496	-0.323176	0.768067	
0	0	0	1	
0.124371	-0.300226	0.945725	0.256276	
-0.957278	-0.287073	0.034757	0.20118	
0.261057	-0.909645	-0.323104	0.769059	
0	0	0	1	
0.12377	-0.3003	0.945781	0.256208	
-0.957453	-0.28654	0.0343169	0.201583	
0.260699	-0.909788	-0.322988	0.770055	
0	0	0	1	
0.12371	-0.300378	0.945764	0.256138	
-0.957626	-0.285946	0.0344436	0.202041	
0.260091	-0.909949	-0.323024	0.771057	
0	0	0	1	
0.12375	-0.300631	0.945678	0.255998	
-0.957645	-0.285884	0.0344338	0.202577	
0.260002	-0.909885	-0.323276	0.771794	
0	0	0	1	
0.123547	-0.300927	0.94561	0.256088	
-0.957822	-0.2853	0.0343498	0.20259	
0.259446	-0.909971	-0.323483	0.772373	
0	0	0	1	
0.123565	-0.30095	0.945601	0.256021	
-0.957895	-0.285043	0.0344531	0.202827	
0.259169	-0.910044	-0.3235	0.772926	
0	0	0	1	
0.124248	-0.300821	0.945552	0.255894	
-0.957762	-0.285419	0.0350476	0.203093	
0.259336	-0.909968	-0.323578	0.773262	
0	0	0	1	
0.124761	-0.300867	0.94547	0.255815	
-0.957826	-0.285129	0.0356577	0.203257	
0.258853	-0.910044	-0.323751	0.773646	
0	0	0	1	
0.125069	-0.301031	0.945377	0.255814	
-0.95795	-0.284655	0.036091	0.203326	
0.258242	-0.910138	-0.323974	0.774082	
0	0	0	1	
0.126002	-0.301748	0.945025	0.255642	
-0.957748	-0.285269	0.0366115	0.203441	
0.258538	-0.909709	-0.324942	0.774188	
0	0	0	1	
0.125971	-0.301268	0.945182	0.25538	
-0.957622	-0.285697	0.0365661	0.203538	
0.259019	-0.909734	-0.32449	0.774472	
0	0	0	1	
0.125886	-0.301214	0.94521	0.255259	
-0.957664	-0.285561	0.0365432	0.20347	
0.258908	-0.909794	-0.32441	0.774693	
0	0	0	1	
0.125736	-0.300909	0.945328	0.255113	
-0.957668	-0.285554	0.0364819	0.203367	
0.258964	-0.909897	-0.324075	0.774835	
0	0	0	1	
0.125641	-0.301026	0.945303	0.255098	
-0.957682	-0.285523	0.0363637	0.203291	
0.258959	-0.909868	-0.324161	0.775048	
0	0	0	1	
0.125732	-0.300903	0.94533	0.254994	
-0.957725	-0.285355	0.036551	0.203298	
0.258756	-0.909962	-0.32406	0.775267	
0	0	0	1	
0.125659	-0.301104	0.945276	0.254992	
-0.957806	-0.285086	0.0365152	0.203069	
0.25849	-0.909979	-0.324223	0.77532	
0	0	0	1	
0.125943	-0.301348	0.94516	0.254966	
-0.957858	-0.284873	0.0368084	0.202905	
0.258158	-0.909965	-0.324527	0.775344	
0	0	0	1	
0.125605	-0.301432	0.945178	0.255019	
-0.958024	-0.284338	0.0366323	0.202596	
0.257708	-0.910105	-0.324493	0.775449	
0	0	0	1	
0.125594	-0.301491	0.945161	0.255025	
-0.958137	-0.283941	0.036746	0.202514	
0.257292	-0.910209	-0.324531	0.775724	
0	0	0	1	
0.125895	-0.301531	0.945108	0.255008	
-0.958031	-0.284278	0.0369196	0.202339	
0.257541	-0.910091	-0.324666	0.775794	
0	0	0	1	
0.126243	-0.301342	0.945122	0.254941	
-0.95792	-0.284613	0.0372068	0.20222	
0.257782	-0.910049	-0.324592	0.775917	
0	0	0	1	
0.126273	-0.301314	0.945127	0.254972	
-0.957995	-0.284345	0.037341	0.201905	
0.257491	-0.910142	-0.324563	0.776073	
0	0	0	1	
0.126042	-0.301469	0.945108	0.255123	
-0.958229	-0.283553	0.0373447	0.201403	
0.25673	-0.910337	-0.324616	0.776384	
0	0	0	1	
0.126084	-0.301438	0.945113	0.255128	
-0.958216	-0.283593	0.0373819	0.201215	
0.256759	-0.910335	-0.324599	0.77648	
0	0	0	1	
0.126202	-0.301463	0.945089	0.255088	
-0.958185	-0.283686	0.0374608	0.201116	
0.256816	-0.910298	-0.324659	0.776521	
0	0	0	1	
0.125876	-0.301548	0.945106	0.255143	
-0.958371	-0.283076	0.0373233	0.200744	
0.256282	-0.91046	-0.324627	0.776648	
0	0	0	1	
camera desired pose
0.124625	-0.311249	0.942121	0.261991	
-0.953552	-0.300013	0.027022	0.199968	
0.274238	-0.901729	-0.334182	0.776654	
0	0	0	1	
error feature
371.805	
370.922	
367.606	
359.05	
332.48	
324.38	
316.46	
304.662	
299.474	
291.404	
282.368	
273.757	
265.75	
260.233	
250.943	
244.388	
231.601	
221.717	
211.409	
199.674	
184.825	
170.287	
156.84	
143.584	
131.235	
124.185	
115.268	
106.838	
100.715	
100.673	
94.4403	
87.2231	
79.6548	
74.1463	
69.8288	
65.3695	
60.9946	
56.0727	
51.8567	
43.3708	
39.9497	
37.2165	
32.8155	
29.8342	
27.1854	
24.1439	
21.283	
18.3575	
16.559	
14.2432	
12.5031	
10.3026	
9.07995	
7.37661	
6.78193	
5.80541	
5.025	
4.04288	
3.06232	
2.53244	
2.17179	
1.6602	
1.21642	
1.17532	
0.951003	
0.939223	
0.77437	
0.719787	
0.696531	
0.619695	
0.646436	
0.630025	
0.640813	
0.567779	
0.547378	
0.558365	
0.62526	
0.583723	
0.523692	
0.522576	
0.584868	
0.580596	
0.585933	
0.540783	
0.528773	
0.507709	
0.550475	
0.5683	
0.532203	
0.500787	
0.556354	
0.49679	
0.506005	
visual servoing time
0	
1.28345	
2.54684	
3.79549	
5.0598	
6.29083	
7.57379	
8.82968	
10.0769	
11.3161	
12.5563	
13.8132	
15.0738	
16.339	
17.6014	
18.854	
20.0917	
21.3337	
22.5876	
23.8905	
25.1595	
26.4046	
27.6811	
28.9896	
30.2488	
31.558	
32.8452	
34.1243	
35.4487	
36.7312	
37.9857	
39.2324	
40.4988	
41.7591	
43.0268	
44.3007	
45.5631	
46.8499	
48.1418	
49.7248	
51.3021	
52.8906	
54.4802	
56.0721	
57.6422	
59.6492	
61.7834	
63.5889	
65.1614	
66.7318	
68.3151	
70.2649	
72.1849	
74.1463	
76.0688	
78.0175	
80.3642	
82.6986	
85.4888	
88.5266	
91.8892	
95.6846	
99.474	
103.695	
108.584	
113.492	
118.427	
124.058	
129.599	
135.184	
140.654	
146.146	
151.708	
158.34	
164.888	
171.021	
177.268	
183.507	
190.927	
197.388	
203.653	
209.861	
216.875	
223.755	
230.559	
237.44	
244.346	
252.548	
259.431	
266.312	
273.481	
282.979	
290.915	
error pixel ave
0.0847311	
0.084605	
0.0841121	
0.0826729	
0.0807827	
0.0791765	
0.0778549	
0.0761148	
0.0752793	
0.0742089	
0.072842	
0.0715088	
0.070379	
0.0697091	
0.0684727	
0.0677234	
0.0662573	
0.0650056	
0.064004	
0.0629729	
0.061728	
0.0603285	
0.058989	
0.0574287	
0.0561866	
0.0552184	
0.053944	
0.0526661	
0.0517458	
0.0501935	
0.0491189	
0.0478591	
0.0465818	
0.0456251	
0.0446737	
0.0437159	
0.0429062	
0.0416808	
0.0404325	
0.0387218	
0.0374068	
0.03629	
0.0342833	
0.0327896	
0.0316064	
0.029921	
0.0284261	
0.0266998	
0.025567	
0.0239915	
0.02296	
0.022157	
0.0208202	
0.0190785	
0.0182479	
0.0168102	
0.0159917	
0.0145942	
0.0127936	
0.0118123	
0.0106495	
0.0091621	
0.0075747	
0.00690362	
0.00575811	
0.00539699	
0.00506737	
0.00488673	
0.00467754	
0.00401551	
0.00383915	
0.00373295	
0.00337565	
0.00274257	
0.00200166	
0.0015187	
0.00260161	
0.00227784	
0.00209373	
0.00200063	
0.00197985	
0.00192426	
0.00173132	
0.00173504	
0.00149847	
0.00128569	
0.00155624	
0.00169972	
0.0015276	
0.0011255	
0.00115977	
0.00121406	
0.000926032	
order
6	
6	
6	
6	
6	
6	
6	
6	
6	
6	
6	
6	
6	
6	
6	
6	
6	
6	
6	
6	
6	
6	
6	
6	
6	
6	
6	
6	
6	
6	
6	
6	
6	
6	
6	
6	
6	
6	
6	
7	
7	
7	
7	
7	
7	
7	
7	
7	
7	
7	
7	
8	
8	
8	
8	
8	
9	
9	
10	
10	
10	
11	
12	
13	
14	
14	
14	
14	
14	
15	
15	
15	
15	
15	
16	
16	
16	
16	
16	
16	
16	
16	
16	
16	
17	
17	
17	
17	
17	
17	
17	
18	
18	
ax
8	
8	
8	
8	
8	
8	
8	
8	
7	
7	
7	
7	
7	
7	
7	
7	
7	
7	
7	
7	
7	
7	
7	
7	
7	
7	
7	
7	
7	
7	
7	
7	
7	
7	
7	
7	
7	
7	
7	
7	
7	
7	
7	
7	
7	
7	
7	
7	
7	
7	
7	
7	
7	
7	
7	
7	
7	
7	
7	
7	
7	
7	
7	
7	
7	
7	
7	
7	
7	
7	
7	
7	
7	
7	
7	
7	
7	
7	
7	
7	
7	
7	
7	
7	
7	
7	
7	
7	
7	
7	
7	
7	
7	
bx
7	
7	
7	
7	
7	
7	
7	
7	
7	
7	
7	
7	
7	
7	
7	
7	
7	
7	
7	
7	
7	
7	
7	
7	
7	
7	
7	
7	
7	
6	
6	
6	
6	
6	
6	
6	
6	
6	
6	
6	
6	
6	
6	
6	
6	
6	
6	
6	
6	
6	
6	
6	
6	
6	
6	
6	
6	
6	
6	
6	
6	
6	
6	
6	
6	
6	
6	
6	
6	
6	
6	
6	
6	
6	
6	
6	
6	
6	
6	
6	
6	
6	
6	
6	
6	
6	
6	
6	
6	
6	
6	
6	
6	
ay
5	
5	
5	
5	
4	
4	
4	
4	
4	
4	
4	
4	
4	
4	
4	
4	
4	
4	
4	
4	
4	
4	
4	
4	
4	
4	
4	
4	
4	
4	
4	
4	
4	
4	
4	
4	
4	
4	
4	
4	
4	
4	
4	
4	
4	
4	
4	
4	
4	
4	
4	
4	
4	
4	
4	
4	
4	
5	
5	
5	
5	
5	
5	
5	
5	
5	
5	
5	
5	
5	
5	
5	
5	
5	
5	
5	
5	
5	
5	
5	
5	
5	
5	
5	
5	
5	
5	
5	
5	
5	
5	
5	
5	
by
5	
5	
5	
5	
5	
5	
5	
5	
5	
5	
5	
5	
5	
5	
5	
5	
5	
5	
5	
5	
5	
5	
5	
5	
5	
5	
5	
5	
5	
5	
5	
5	
5	
5	
5	
5	
5	
5	
5	
5	
5	
5	
5	
5	
5	
5	
5	
5	
5	
5	
5	
5	
5	
5	
5	
5	
5	
5	
5	
5	
5	
5	
5	
5	
5	
5	
5	
5	
5	
5	
5	
5	
5	
5	
5	
5	
5	
5	
5	
5	
5	
5	
5	
5	
5	
5	
5	
5	
5	
5	
5	
5	
5	
