camera velocity
-0.0271947	0.0035302	0.00605014	0.00525244	0.0126786	-0.00271559	
-0.0261616	0.00345969	0.00572412	0.00524598	0.0121754	-0.00251592	
-0.0267201	0.00397053	0.00649954	0.00548024	0.0125386	-0.00305809	
-0.026564	0.00415401	0.00663852	0.00552341	0.0125642	-0.00280635	
-0.0252407	0.00368645	0.00550412	0.0053564	0.0119471	-0.00211923	
-0.0230116	0.00275182	0.00447356	0.00485461	0.0109725	-0.0019361	
-0.0217302	0.00326232	0.00472952	0.00507722	0.0105035	-0.00175705	
-0.0101862	-0.00241098	-0.00403595	0.00137979	0.00457509	0.00306596	
-0.0101955	-0.00173389	-0.00383754	0.00164895	0.00458098	0.00299073	
-0.00966436	-0.00254522	-0.00426881	0.00138132	0.00439005	0.00283629	
-0.00712177	-0.00429358	-0.00693445	0.000747398	0.00320244	0.00323682	
-0.00528923	-0.00445023	-0.00883896	0.000828215	0.00232859	0.00370663	
-0.00246329	-0.00493475	-0.0114679	0.000758821	0.0010114	0.00420824	
-0.00109376	-0.00447981	-0.0128262	0.00109158	0.000354077	0.00465492	
0.00268669	-0.00678031	-0.0168511	0.00015701	-0.00140908	0.00519705	
0.00516628	-0.00724732	-0.0189414	-1.22847e-05	-0.00254598	0.00550437	
0.00919023	-0.00723268	-0.0228104	-5.27649e-05	-0.0043622	0.00682389	
0.0115349	-0.00790529	-0.0244114	-0.000368768	-0.00534192	0.00706686	
0.0101577	-0.00647693	-0.0220554	0.000172233	-0.00462182	0.00669544	
0.0107147	-0.00776097	-0.0213342	-0.000556326	-0.00477034	0.00611824	
0.0286982	0.031351	-0.0164495	0.0175001	-0.0137077	0.0160987	
0.00558083	0.000584453	-0.0102849	0.00343182	-0.00232775	0.00453833	
0.00207494	0.00147231	-0.00631181	0.00354515	-0.000691747	0.00303719	
0.00103019	0.00184287	-0.00494406	0.00350725	-0.000272839	0.00239945	
0.000605008	0.00177103	-0.00436319	0.00332352	-0.000100168	0.00208928	
0.000423731	0.00185257	-0.00389087	0.00319262	-2.33266e-05	0.00175057	
0.00022008	0.00174956	-0.00353338	0.00302034	5.19417e-05	0.0015095	
0.000116215	0.00148616	-0.00336079	0.00278498	8.81904e-05	0.00132564	
-0.000296939	0.00154054	-0.00285397	0.00270637	0.000252763	0.00117256	
-0.000238181	0.0012487	-0.0028297	0.00248397	0.000204216	0.00104853	
-0.000328288	0.00138725	-0.00250331	0.002432	0.000238914	0.000923001	
0.00124686	-0.00064557	-0.0053839	0.00102265	-0.000427133	0.00130217	
0.00213754	-0.00220687	-0.0056606	0.000227417	-0.000875185	0.0010666	
0.00145866	-0.00188342	-0.00474705	0.000263013	-0.000500776	0.00096581	
0.00089737	-0.00241343	-0.00390904	4.57575e-05	-0.000243805	0.000731036	
0.000945592	-0.00324669	-0.00369043	-0.00037387	-0.000277901	0.000653661	
-0.000810246	-0.0018211	-0.00205128	0.000188434	0.000441444	0.000694498	
-0.00162301	-0.0015555	-0.00129355	0.000284521	0.000761384	0.00063676	
-0.00190741	-0.000333873	-0.000469949	0.000767941	0.00088746	0.000593667	
-0.00166353	-0.00170657	-0.000686298	0.000116227	0.000782231	0.000404776	
-0.00216585	-0.00078574	5.64769e-05	0.000465588	0.000987623	0.000400459	
-0.00320348	0.00158064	0.00120761	0.00144719	0.00142394	0.000458877	
-0.00296679	0.000984357	0.00111747	0.00114774	0.00130109	0.00034909	
-0.00308238	0.000295046	0.000993983	0.000819946	0.00134833	0.000245246	
-0.00342979	0.00207289	0.00168359	0.00158823	0.00145596	0.000207362	
-0.00306468	0.00132735	0.00130552	0.00122901	0.00131616	9.62723e-05	
-0.00266437	0.00100795	0.000978161	0.00112238	0.00117541	1.84085e-05	
-0.00280776	0.000716587	0.000792026	0.000986084	0.00122583	-3.21187e-05	
-0.00237768	7.49535e-05	0.000471866	0.000704322	0.00103961	-8.94706e-05	
-0.00286546	0.00113604	0.001033	0.00114987	0.00124983	-0.000109414	
-0.00266414	0.000739021	0.000832602	0.000962951	0.00116139	-0.000163887	
-0.00241387	0.000327108	0.000697787	0.000743404	0.0010694	-0.000179852	
0.000417397	-0.00128045	-0.00116967	0.00010585	-0.000334974	-3.4469e-05	
-0.000196413	-0.00141284	-0.00087802	9.68673e-05	2.35383e-05	-0.000334393	
2.25255e-05	-0.000959192	-0.00106745	0.000247546	-2.94662e-05	-0.000237245	
0.000202118	-0.000519506	-0.00121157	0.000366521	-0.0001274	-0.000138083	
0.000198336	-0.000428074	-0.00122094	0.000350907	-0.000113968	-0.000119194	
0.000274905	-0.000454736	-0.0011977	0.000306848	-0.000172281	-5.6165e-05	
0.000257216	-0.00033413	-0.00112184	0.000313668	-0.000158185	-7.60745e-06	
0.00031977	-0.000141295	-0.000842053	0.000383492	-0.000207965	6.3787e-07	
0.000229982	-0.000208644	-0.000728958	0.000316375	-0.000141613	-8.34449e-06	
0.00021927	-0.000148375	-0.000649487	0.000301308	-0.000153916	5.63127e-06	
0.000291417	-0.000170131	-0.000599731	0.000242903	-0.000165884	1.766e-05	
0.000202589	-0.000120387	-0.000434018	0.000219815	-0.000140459	2.37014e-05	
0.000184621	-0.000107781	-0.000376627	0.000188165	-0.000121867	2.11532e-05	
0.000237877	-5.46108e-05	-0.000253774	0.000188475	-0.000159499	4.39553e-05	
8.89072e-05	-6.95701e-05	-0.000101684	0.000140313	-7.8665e-05	1.48136e-05	
0.000131424	-5.07024e-05	-7.51286e-05	0.000122304	-8.71631e-05	2.96176e-05	
7.93008e-05	1.7123e-05	-1.95318e-05	0.000142227	-7.43627e-05	2.63255e-05	
5.77818e-05	1.19861e-05	-1.34568e-05	0.000133091	-6.34327e-05	2.12395e-05	
0.000190345	6.77719e-05	1.16668e-05	0.000146458	-0.000126568	5.77293e-06	
0.000173934	5.60928e-05	1.617e-05	0.000130769	-0.00011595	-6.03299e-06	
0.000230022	4.47224e-05	-2.02446e-05	0.000111117	-0.000141785	-7.25111e-06	
0.000222496	5.87409e-05	-1.72803e-05	0.000110834	-0.00012609	-8.74813e-06	
0.000258654	3.02431e-05	-3.80653e-06	7.69668e-05	-0.000118846	6.30002e-06	
0.000245172	2.38585e-05	-4.6555e-06	6.58224e-05	-0.000106555	1.24689e-05	
0.000212213	1.28029e-05	-1.96936e-06	6.40634e-05	-9.02029e-05	5.15823e-06	
0.000102221	-3.66537e-05	-7.64258e-06	3.46762e-05	-4.80955e-05	2.05144e-05	
7.36529e-05	-3.79864e-05	-7.72494e-06	2.75554e-05	-3.97877e-05	7.12149e-06	
6.99043e-05	-2.95502e-05	-7.1434e-06	2.39919e-05	-4.35049e-05	1.16659e-05	
7.02343e-05	-5.86166e-05	-1.97106e-05	4.54773e-06	-4.72322e-05	1.73501e-05	
6.31461e-05	-3.4405e-05	-1.73688e-05	1.18461e-05	-4.14802e-05	1.19581e-05	
5.71031e-05	-5.03913e-05	-2.12122e-05	5.61106e-06	-3.81506e-05	9.47015e-06	
6.77316e-05	-5.78975e-06	-1.42455e-05	1.69399e-05	-4.64653e-05	1.58312e-05	
5.85631e-05	-3.62123e-06	-1.57743e-05	6.45151e-06	-4.58082e-05	1.38703e-05	
6.25321e-05	-2.94224e-05	-1.44631e-05	5.14931e-06	-4.55219e-05	1.24761e-05	
4.49608e-05	-2.50268e-05	-1.58864e-05	3.67819e-06	-3.99151e-05	4.30207e-06	
5.37254e-05	1.09163e-05	-1.0862e-05	1.12383e-05	-3.60377e-05	1.98166e-05	
2.94307e-05	-2.97563e-05	-1.32428e-05	-8.92569e-06	-2.66221e-05	-5.28896e-07	
3.12284e-05	-1.48044e-05	-1.30668e-05	-5.24534e-06	-2.44921e-05	8.49106e-06	
2.39436e-05	8.17028e-06	-9.11804e-06	6.85125e-06	-1.2372e-05	1.02511e-05	
3.0777e-05	-4.42035e-05	-1.14194e-05	-2.13243e-05	-2.17281e-05	1.10119e-05	
-1.01827e-05	-4.92551e-05	-2.08993e-05	-1.72088e-05	-2.66012e-06	-3.71119e-06	
9.56253e-06	-5.09259e-05	-2.13223e-05	-1.57982e-05	-6.23512e-06	2.3279e-05	
1.44983e-06	-2.77713e-05	-2.21303e-05	-4.23581e-07	-6.31812e-07	1.44683e-06	
-3.97418e-06	-3.19607e-05	-2.05967e-05	-3.699e-06	1.31081e-05	4.28738e-06	
4.57514e-06	-1.69994e-05	-2.2496e-05	-7.74707e-06	-9.47079e-06	-1.40626e-05	
camera pose
0.253969	-0.430176	0.866284	0.593666	
-0.915415	-0.396075	0.0716912	0.00398897	
0.312273	-0.811217	-0.49438	0.706009	
0	0	0	1	
0.253971	-0.430179	0.866282	0.593667	
-0.915415	-0.396076	0.0716919	0.00398927	
0.312273	-0.811215	-0.494384	0.706007	
0	0	0	1	
0.240888	-0.424986	0.872559	0.589852	
-0.915768	-0.397305	0.0593068	0.0323708	
0.321467	-0.813348	-0.484895	0.68809	
0	0	0	1	
0.228501	-0.418781	0.878868	0.585414	
-0.915369	-0.399805	0.0474837	0.0616828	
0.331491	-0.815339	-0.474695	0.670475	
0	0	0	1	
0.215478	-0.410932	0.885835	0.581401	
-0.914722	-0.402496	0.0357896	0.0912074	
0.341838	-0.818005	-0.462618	0.652379	
0	0	0	1	
0.203031	-0.403888	0.891994	0.578257	
-0.913805	-0.405419	0.0244251	0.119862	
0.351766	-0.820067	-0.451388	0.633669	
0	0	0	1	
0.191635	-0.395425	0.898284	0.574772	
-0.912613	-0.408554	0.0148465	0.149276	
0.361127	-0.822631	-0.439164	0.61525	
0	0	0	1	
0.17964	-0.389373	0.903393	0.571841	
-0.911759	-0.410703	0.00428544	0.176536	
0.369357	-0.824446	-0.428793	0.598508	
0	0	0	1	
0.168723	-0.383187	0.90813	0.5698	
-0.910716	-0.413002	-0.00506354	0.200389	
0.377	-0.826194	-0.418658	0.582495	
0	0	0	1	
0.162912	-0.383403	0.909099	0.564752	
-0.911769	-0.410586	-0.00976973	0.213219	
0.377009	-0.827297	-0.416465	0.580764	
0	0	0	1	
0.155981	-0.381948	0.910926	0.55882	
-0.913372	-0.406877	-0.0142018	0.226096	
0.376059	-0.829799	-0.412326	0.580018	
0	0	0	1	
0.149784	-0.380901	0.912403	0.552901	
-0.914484	-0.404194	-0.0186132	0.238885	
0.375877	-0.83159	-0.40887	0.58008	
0	0	0	1	
0.144796	-0.379842	0.913649	0.545791	
-0.915521	-0.401674	-0.0219	0.249071	
0.375308	-0.833293	-0.405914	0.584647	
0	0	0	1	
0.140152	-0.379142	0.914663	0.536942	
-0.917244	-0.397585	-0.024258	0.257603	
0.372854	-0.83557	-0.403489	0.591598	
0	0	0	1	
0.136279	-0.379131	0.915253	0.525803	
-0.919665	-0.391881	-0.0253956	0.262995	
0.368298	-0.838265	-0.402079	0.601454	
0	0	0	1	
0.133584	-0.378514	0.915905	0.513002	
-0.921886	-0.386632	-0.0253266	0.266662	
0.363705	-0.840977	-0.400594	0.61231	
0	0	0	1	
0.132543	-0.378868	0.91591	0.497081	
-0.924488	-0.380479	-0.023602	0.267241	
0.357427	-0.84362	-0.400689	0.629581	
0	0	0	1	
0.1324	-0.37999	0.915466	0.479331	
-0.927309	-0.373708	-0.0210047	0.264806	
0.350098	-0.846138	-0.401847	0.649843	
0	0	0	1	
0.133958	-0.381295	0.914696	0.45832	
-0.930659	-0.365533	-0.0160786	0.257769	
0.340482	-0.849117	-0.403822	0.673244	
0	0	0	1	
0.136493	-0.383201	0.913524	0.436144	
-0.933888	-0.357415	-0.0103919	0.248015	
0.33049	-0.851711	-0.406652	0.699057	
0	0	0	1	
0.13844	-0.384331	0.912757	0.415013	
-0.937029	-0.349217	-0.00492225	0.238531	
0.320642	-0.854598	-0.408474	0.722651	
0	0	0	1	
0.140847	-0.386043	0.911665	0.396704	
-0.939656	-0.342121	0.00030076	0.229392	
0.311784	-0.856694	-0.410934	0.745872	
0	0	0	1	
0.149301	-0.36995	0.916977	0.366587	
-0.946239	-0.322583	0.0239212	0.183377	
0.286952	-0.87125	-0.398223	0.736369	
0	0	0	1	
0.14999	-0.367123	0.918	0.355204	
-0.94838	-0.315841	0.0286439	0.173414	
0.279426	-0.874909	-0.395545	0.741728	
0	0	0	1	
0.150132	-0.363321	0.919488	0.346868	
-0.949227	-0.313032	0.0312986	0.169772	
0.276458	-0.877502	-0.39187	0.744417	
0	0	0	1	
0.149123	-0.35981	0.921032	0.340271	
-0.950174	-0.309997	0.0327385	0.167317	
0.273737	-0.880022	-0.38811	0.745344	
0	0	0	1	
0.148503	-0.3567	0.92234	0.334475	
-0.950933	-0.307502	0.0341856	0.165573	
0.271427	-0.882161	-0.384863	0.745765	
0	0	0	1	
0.147905	-0.353195	0.923784	0.328773	
-0.951611	-0.305228	0.0356609	0.164019	
0.269369	-0.884358	-0.38125	0.745841	
0	0	0	1	
0.147222	-0.350095	0.925073	0.323693	
-0.952164	-0.303375	0.0367212	0.162793	
0.267788	-0.886227	-0.378011	0.745668	
0	0	0	1	
0.146644	-0.346905	0.926365	0.318752	
-0.952664	-0.301661	0.0378409	0.161839	
0.266321	-0.888064	-0.374721	0.745771	
0	0	0	1	
0.145893	-0.343948	0.927586	0.314457	
-0.953105	-0.300168	0.0386046	0.161337	
0.265154	-0.889718	-0.371611	0.745353	
0	0	0	1	
0.145255	-0.340919	0.928803	0.309995	
-0.953523	-0.298724	0.0394731	0.160901	
0.263999	-0.891369	-0.368465	0.745261	
0	0	0	1	
0.144316	-0.337439	0.930219	0.305081	
-0.953946	-0.297279	0.0401582	0.16048	
0.262984	-0.893174	-0.3648	0.744668	
0	0	0	1	
0.144345	-0.336411	0.930587	0.297751	
-0.954343	-0.295875	0.04107	0.158627	
0.261521	-0.894028	-0.363759	0.748846	
0	0	0	1	
0.145224	-0.336119	0.930556	0.290927	
-0.954659	-0.294643	0.0425596	0.156065	
0.259877	-0.894544	-0.363668	0.756105	
0	0	0	1	
0.145452	-0.335735	0.930659	0.285139	
-0.955084	-0.293123	0.0435255	0.154264	
0.258184	-0.895188	-0.363291	0.762338	
0	0	0	1	
0.145337	-0.335797	0.930654	0.280532	
-0.95535	-0.29222	0.0437548	0.15365	
0.257263	-0.895459	-0.363274	0.768731	
0	0	0	1	
0.145786	-0.336091	0.930478	0.276832	
-0.955477	-0.291717	0.0443344	0.153668	
0.256536	-0.895513	-0.363655	0.776052	
0	0	0	1	
0.144619	-0.336162	0.930635	0.274612	
-0.955852	-0.290602	0.0435667	0.155419	
0.255799	-0.895849	-0.363347	0.779708	
0	0	0	1	
0.143559	-0.335199	0.931146	0.27291	
-0.956563	-0.288228	0.04372	0.157701	
0.253728	-0.896976	-0.362017	0.782348	
0	0	0	1	
0.141749	-0.332899	0.932247	0.27129	
-0.956659	-0.288078	0.0425903	0.161066	
0.254382	-0.89788	-0.359306	0.782658	
0	0	0	1	
0.140383	-0.333531	0.932229	0.270972	
-0.957285	-0.28611	0.0417922	0.164586	
0.252781	-0.898275	-0.359449	0.785376	
0	0	0	1	
0.137978	-0.332832	0.932837	0.270939	
-0.957659	-0.285125	0.0399185	0.169353	
0.252689	-0.898848	-0.35808	0.785717	
0	0	0	1	
0.134856	-0.32969	0.934408	0.270823	
-0.957863	-0.28473	0.037779	0.175316	
0.253599	-0.90013	-0.354195	0.78039	
0	0	0	1	
0.130164	-0.328382	0.935533	0.271765	
-0.958701	-0.282341	0.0342826	0.179941	
0.252881	-0.901359	-0.351571	0.776161	
0	0	0	1	
0.127192	-0.326301	0.93667	0.272475	
-0.959105	-0.281204	0.0322773	0.186057	
0.252863	-0.90247	-0.348724	0.773331	
0	0	0	1	
0.123748	-0.324768	0.937663	0.273769	
-0.95917	-0.281325	0.0291468	0.191653	
0.254323	-0.902985	-0.346321	0.766328	
0	0	0	1	
0.121627	-0.323039	0.938538	0.274313	
-0.959264	-0.281166	0.0275379	0.19572	
0.254989	-0.903655	-0.344077	0.762493	
0	0	0	1	
0.119857	-0.321374	0.939336	0.274625	
-0.959287	-0.281216	0.026191	0.199427	
0.255739	-0.904232	-0.341996	0.759419	
0	0	0	1	
0.117841	-0.319967	0.940071	0.274828	
-0.959363	-0.281103	0.0245816	0.203286	
0.256391	-0.904766	-0.34009	0.756893	
0	0	0	1	
0.116442	-0.319023	0.940567	0.274975	
-0.959377	-0.281153	0.0234091	0.206855	
0.256975	-0.905084	-0.338801	0.755558	
0	0	0	1	
0.114637	-0.317097	0.941439	0.27515	
-0.959341	-0.281389	0.0220393	0.210648	
0.257922	-0.905687	-0.336462	0.752366	
0	0	0	1	
0.113107	-0.315646	0.942112	0.275485	
-0.959327	-0.281525	0.0208514	0.214388	
0.258646	-0.906152	-0.33465	0.749821	
0	0	0	1	
0.111444	-0.314589	0.942663	0.275827	
-0.959285	-0.281774	0.0193746	0.217855	
0.259523	-0.906442	-0.333182	0.748	
0	0	0	1	
0.113327	-0.314882	0.942341	0.274506	
-0.9594	-0.281236	0.0214039	0.218123	
0.25828	-0.906507	-0.33397	0.750733	
0	0	0	1	
0.113867	-0.314353	0.942453	0.273512	
-0.959186	-0.28193	0.0218517	0.219372	
0.258836	-0.906476	-0.333625	0.753729	
0	0	0	1	
0.113923	-0.314212	0.942493	0.272302	
-0.959093	-0.282249	0.0218323	0.219771	
0.259158	-0.906425	-0.333513	0.756008	
0	0	0	1	
0.114082	-0.313511	0.942707	0.270341	
-0.958585	-0.283989	0.0215591	0.220262	
0.260959	-0.906124	-0.332925	0.757494	
0	0	0	1	
0.114682	-0.312708	0.942901	0.268263	
-0.958359	-0.284708	0.0221397	0.220148	
0.261528	-0.906176	-0.332338	0.759169	
0	0	0	1	
0.115023	-0.312048	0.943078	0.266358	
-0.958275	-0.284952	0.0225909	0.219881	
0.261683	-0.906327	-0.331804	0.760924	
0	0	0	1	
0.115461	-0.311295	0.943273	0.264156	
-0.958175	-0.285244	0.0231494	0.219555	
0.261857	-0.906494	-0.33121	0.762564	
0	0	0	1	
0.116112	-0.309994	0.943622	0.26227	
-0.958058	-0.285561	0.0240776	0.219009	
0.261998	-0.90684	-0.33015	0.763807	
0	0	0	1	
0.116456	-0.309374	0.943783	0.260685	
-0.958105	-0.28535	0.0246853	0.218588	
0.261672	-0.907118	-0.329643	0.76499	
0	0	0	1	
0.117119	-0.307894	0.944185	0.258772	
-0.958069	-0.285374	0.0257824	0.218061	
0.261508	-0.907614	-0.328406	0.766434	
0	0	0	1	
0.117305	-0.307202	0.944387	0.257203	
-0.958186	-0.284931	0.026333	0.21724	
0.260996	-0.907988	-0.32778	0.767775	
0	0	0	1	
0.117818	-0.306301	0.944616	0.256099	
-0.958136	-0.28503	0.02708	0.216766	
0.26095	-0.908261	-0.327059	0.768727	
0	0	0	1	
0.117904	-0.305919	0.944729	0.255175	
-0.958238	-0.284654	0.0274143	0.216248	
0.260534	-0.908507	-0.326705	0.769526	
0	0	0	1	
0.118499	-0.305325	0.944846	0.25443	
-0.958127	-0.284963	0.0280799	0.215688	
0.260672	-0.90861	-0.326308	0.769947	
0	0	0	1	
0.118548	-0.304951	0.944961	0.254244	
-0.958205	-0.284677	0.0283407	0.215403	
0.260366	-0.908825	-0.325954	0.770412	
0	0	0	1	
0.118901	-0.30462	0.945023	0.254063	
-0.958193	-0.284671	0.0287969	0.215078	
0.260248	-0.908938	-0.325733	0.770656	
0	0	0	1	
0.119019	-0.304261	0.945124	0.254051	
-0.958374	-0.284013	0.029256	0.214726	
0.259526	-0.909264	-0.325399	0.770907	
0	0	0	1	
0.119225	-0.303933	0.945204	0.254046	
-0.95843	-0.283785	0.0296415	0.214478	
0.259225	-0.909445	-0.325133	0.771093	
0	0	0	1	
0.119316	-0.303446	0.945349	0.254083	
-0.958499	-0.283515	0.0299709	0.213829	
0.258926	-0.909692	-0.324681	0.771071	
0	0	0	1	
0.119765	-0.303287	0.945343	0.254158	
-0.958539	-0.283321	0.0305413	0.213227	
0.258573	-0.909806	-0.324644	0.771135	
0	0	0	1	
0.120253	-0.302776	0.945445	0.25407	
-0.95846	-0.283524	0.0311107	0.212585	
0.258636	-0.909912	-0.324294	0.771229	
0	0	0	1	
0.120446	-0.302529	0.945499	0.254041	
-0.95844	-0.283564	0.0313636	0.211852	
0.258622	-0.909982	-0.32411	0.771153	
0	0	0	1	
0.120675	-0.302657	0.945429	0.254159	
-0.958491	-0.283361	0.0316306	0.210962	
0.258325	-0.910003	-0.324289	0.771344	
0	0	0	1	
0.121288	-0.302253	0.94548	0.254084	
-0.958362	-0.283729	0.0322377	0.210395	
0.258516	-0.910023	-0.324081	0.771373	
0	0	0	1	
0.121458	-0.301988	0.945543	0.254144	
-0.958427	-0.283472	0.0325776	0.209734	
0.258197	-0.910191	-0.323863	0.771564	
0	0	0	1	
0.121447	-0.301782	0.94561	0.254186	
-0.958391	-0.283592	0.0325832	0.209478	
0.258334	-0.910222	-0.323667	0.771715	
0	0	0	1	
0.121536	-0.301578	0.945664	0.254204	
-0.958351	-0.283717	0.0326876	0.209308	
0.258443	-0.91025	-0.323499	0.771844	
0	0	0	1	
0.121647	-0.301512	0.945671	0.254186	
-0.958386	-0.283576	0.0328689	0.209173	
0.258259	-0.910316	-0.323461	0.77194	
0	0	0	1	
0.12176	-0.301581	0.945634	0.254217	
-0.958385	-0.283571	0.0329653	0.209014	
0.258212	-0.910295	-0.323559	0.772141	
0	0	0	1	
0.121817	-0.301404	0.945683	0.254204	
-0.958361	-0.283642	0.0330487	0.208861	
0.258274	-0.910331	-0.323406	0.772261	
0	0	0	1	
0.121822	-0.301164	0.945759	0.254182	
-0.958373	-0.283589	0.0331414	0.208785	
0.258226	-0.910427	-0.323175	0.772549	
0	0	0	1	
0.122018	-0.301477	0.945634	0.254228	
-0.958361	-0.28362	0.0332395	0.208519	
0.258179	-0.910314	-0.323531	0.772573	
0	0	0	1	
0.122016	-0.301407	0.945656	0.254205	
-0.958421	-0.283405	0.033334	0.208339	
0.257956	-0.910404	-0.323454	0.772669	
0	0	0	1	
0.122421	-0.30122	0.945664	0.254125	
-0.958301	-0.283772	0.0336673	0.208312	
0.258212	-0.910352	-0.323399	0.772737	
0	0	0	1	
0.122379	-0.301244	0.945661	0.254164	
-0.95843	-0.283321	0.0337782	0.208123	
0.25775	-0.910484	-0.323394	0.772949	
0	0	0	1	
0.122641	-0.301198	0.945642	0.254162	
-0.958363	-0.283525	0.033985	0.207947	
0.257877	-0.910436	-0.323429	0.77302	
0	0	0	1	
0.122966	-0.301257	0.945581	0.254089	
-0.958322	-0.283627	0.034261	0.207993	
0.257871	-0.910384	-0.323578	0.773072	
0	0	0	1	
0.122837	-0.301116	0.945643	0.254019	
-0.958295	-0.283734	0.0341327	0.207999	
0.258033	-0.910398	-0.323411	0.77311	
0	0	0	1	
0.122882	-0.301336	0.945567	0.254072	
-0.958389	-0.283404	0.0342324	0.207795	
0.257662	-0.910428	-0.323623	0.773143	
0	0	0	1	
0.12331	-0.30131	0.945519	0.254002	
-0.958136	-0.284241	0.0343759	0.207889	
0.258398	-0.910175	-0.323746	0.773116	
0	0	0	1	
0.123242	-0.301683	0.945409	0.254158	
-0.958353	-0.283498	0.0344646	0.207692	
0.257624	-0.910284	-0.324058	0.773401	
0	0	0	1	
0.123628	-0.301619	0.945379	0.254077	
-0.958295	-0.283652	0.0348196	0.207784	
0.257656	-0.910257	-0.324108	0.773412	
0	0	0	1	
0.12302	-0.301647	0.94545	0.254209	
-0.958543	-0.282854	0.034479	0.207539	
0.257023	-0.910496	-0.323939	0.773781	
0	0	0	1	
camera desired pose
0.124625	-0.311249	0.942121	0.261991	
-0.953552	-0.300013	0.027022	0.199968	
0.274238	-0.901729	-0.334182	0.776654	
0	0	0	1	
error feature
333.109	
333.607	
331.339	
324.662	
317.786	
309.745	
301.228	
257	
262.607	
267.091	
267.918	
267.444	
266.53	
264.332	
260.011	
255.331	
260.902	
253.242	
243.775	
234.836	
1575.18	
167.178	
156.096	
144.215	
133.776	
123.332	
114.13	
106.24	
97.5643	
91.4857	
83.3489	
89.6572	
94.9867	
94.9823	
99.7977	
99.1745	
96.1862	
96.5196	
95.4533	
93.6948	
93.0352	
91.5661	
89.7162	
88.5842	
88.2252	
86.8928	
87.584	
86.783	
86.1818	
86.0559	
85.5436	
84.366	
15.0004	
11.2087	
9.83477	
8.23577	
6.99498	
6.39537	
5.57994	
5.30995	
4.38205	
3.68369	
2.63642	
2.09476	
1.74598	
1.53185	
1.06061	
0.950696	
0.991581	
0.889709	
0.839199	
0.740294	
0.6695	
0.634881	
0.541425	
0.533201	
0.517386	
0.517267	
0.454282	
0.441948	
0.438106	
0.431187	
0.419674	
0.447606	
0.438894	
0.428266	
0.415478	
0.449872	
0.399707	
0.419159	
0.407785	
0.397261	
0.376776	
0.392183	
0.388097	
0.377692	
0.42392	
visual servoing time
0	
1.27484	
2.54527	
3.83821	
5.11903	
6.40243	
7.69997	
8.99547	
10.2385	
11.5409	
12.8054	
14.074	
15.3461	
16.595	
17.8762	
19.1429	
20.4513	
21.7052	
22.989	
24.2735	
25.5234	
26.7782	
28.0295	
29.2831	
30.5642	
31.8309	
33.1199	
34.3893	
35.6888	
37.0103	
38.3552	
39.9804	
41.5975	
43.2315	
44.8639	
46.5117	
48.1401	
49.7394	
51.3178	
52.8907	
54.9247	
57.059	
59.1871	
61.3255	
63.4838	
65.4391	
67.0322	
68.6244	
70.1916	
71.783	
73.3181	
74.9168	
76.5008	
78.4626	
80.4301	
82.3784	
84.3299	
86.3245	
88.307	
90.6617	
93.0018	
95.4272	
98.8502	
102.983	
106.789	
110.568	
114.806	
119.062	
123.989	
129.009	
135.521	
141.494	
147.849	
154.198	
161.825	
170.288	
177.197	
184.941	
193.183	
202.55	
211.168	
219.645	
228.408	
238.81	
247.274	
255.868	
265.601	
275.114	
283.732	
292.263	
301.843	
311.404	
320.743	
330.205	
341.478	
350.969	
360.509	
error pixel ave
0.0815107	
0.0816103	
0.0811205	
0.0798289	
0.0781586	
0.0764156	
0.0749879	
0.0639644	
0.0644767	
0.0641925	
0.0635414	
0.0629935	
0.0622104	
0.0612084	
0.0597753	
0.0584195	
0.0569756	
0.0557456	
0.0543635	
0.0530198	
0.221612	
0.0548604	
0.0543894	
0.0534231	
0.0525245	
0.0515409	
0.0505287	
0.0497052	
0.0488729	
0.048253	
0.047354	
0.0396263	
0.0409824	
0.0405877	
0.0403428	
0.0398262	
0.0392402	
0.0387144	
0.0381276	
0.0374756	
0.0370534	
0.0365121	
0.036052	
0.03538	
0.0354031	
0.0347486	
0.0351182	
0.0348906	
0.0347858	
0.0343462	
0.0340328	
0.0332335	
0.0268298	
0.0246877	
0.0241278	
0.0229212	
0.0213104	
0.020555	
0.0192207	
0.0185556	
0.0170645	
0.0158106	
0.0142641	
0.0127425	
0.0114944	
0.0105856	
0.00920828	
0.00831124	
0.00774	
0.00738644	
0.00690995	
0.00639084	
0.00585309	
0.00544018	
0.0043615	
0.00386156	
0.00395146	
0.00350211	
0.00299319	
0.00263269	
0.00228755	
0.00205898	
0.00203798	
0.00181125	
0.00144985	
0.00171236	
0.00155242	
0.00131999	
0.00112902	
0.00108953	
0.00104318	
0.00103984	
0.00102704	
0.00120947	
0.00115282	
0.00116144	
0.000940315	
order
6	
6	
6	
6	
6	
6	
6	
6	
6	
6	
6	
6	
6	
6	
6	
6	
6	
6	
6	
6	
6	
6	
6	
6	
6	
6	
6	
6	
6	
6	
6	
7	
7	
7	
7	
7	
7	
7	
7	
7	
7	
7	
7	
7	
7	
7	
7	
7	
7	
7	
7	
7	
7	
8	
8	
8	
8	
8	
8	
9	
9	
9	
10	
11	
11	
12	
13	
13	
14	
14	
15	
15	
16	
16	
17	
17	
17	
18	
18	
18	
19	
19	
19	
19	
19	
19	
19	
19	
19	
19	
19	
19	
20	
20	
20	
20	
20	
ax
8	
8	
8	
8	
8	
8	
8	
7	
7	
7	
7	
7	
7	
7	
7	
7	
7	
7	
7	
7	
8	
7	
7	
7	
7	
7	
7	
7	
7	
7	
7	
7	
7	
7	
7	
7	
7	
7	
7	
7	
7	
7	
7	
7	
7	
7	
7	
7	
7	
7	
7	
7	
7	
7	
7	
7	
7	
7	
7	
7	
7	
7	
7	
7	
7	
7	
7	
7	
7	
7	
7	
7	
7	
7	
7	
7	
7	
7	
7	
7	
7	
7	
7	
7	
7	
7	
7	
7	
7	
7	
7	
7	
7	
7	
7	
7	
7	
bx
7	
7	
7	
7	
7	
7	
7	
7	
7	
7	
7	
7	
7	
7	
7	
7	
7	
7	
7	
7	
7	
7	
7	
7	
7	
7	
7	
7	
7	
7	
7	
7	
7	
6	
6	
6	
6	
6	
6	
6	
6	
6	
6	
6	
6	
6	
6	
6	
6	
6	
6	
6	
6	
6	
6	
6	
6	
6	
6	
6	
6	
6	
6	
6	
6	
6	
6	
6	
6	
6	
6	
6	
6	
6	
6	
6	
6	
6	
6	
6	
6	
6	
6	
6	
6	
6	
6	
6	
6	
6	
6	
6	
6	
6	
6	
6	
6	
ay
4	
4	
4	
4	
4	
4	
4	
4	
4	
4	
4	
4	
4	
4	
4	
4	
4	
4	
4	
4	
2	
4	
4	
4	
4	
4	
4	
4	
4	
4	
4	
4	
4	
4	
4	
4	
4	
4	
4	
4	
4	
4	
4	
4	
4	
4	
4	
4	
4	
4	
4	
4	
4	
4	
4	
4	
4	
4	
4	
4	
4	
4	
4	
4	
4	
4	
5	
5	
5	
5	
5	
5	
5	
5	
5	
5	
5	
5	
5	
5	
5	
5	
5	
5	
5	
5	
5	
5	
5	
5	
5	
5	
5	
5	
5	
5	
5	
by
5	
5	
5	
5	
5	
5	
5	
5	
5	
5	
5	
5	
5	
5	
5	
5	
4	
4	
4	
4	
3	
5	
5	
5	
5	
5	
5	
5	
5	
5	
5	
5	
5	
5	
5	
5	
4	
4	
4	
4	
4	
4	
4	
4	
4	
4	
4	
4	
4	
4	
4	
4	
5	
5	
5	
5	
5	
5	
5	
5	
5	
5	
5	
5	
5	
5	
5	
5	
5	
5	
5	
5	
5	
5	
5	
5	
5	
5	
5	
5	
5	
5	
5	
5	
5	
5	
5	
5	
5	
5	
5	
5	
5	
5	
5	
5	
5	
