camera velocity
-0.0258857	-0.000985421	0.000734726	0.00152816	0.0115764	-0.00359826	
-0.0275966	-0.000498561	0.00131389	0.00169909	0.0123336	-0.00377835	
-0.0277819	-1.30001e-05	0.00239005	0.0017815	0.0125347	-0.0042694	
-0.0275246	-0.000319324	0.00281288	0.00150898	0.0124145	-0.00444789	
-0.0257556	-0.000304355	0.00285291	0.00140995	0.0116566	-0.00452714	
-0.0254521	-0.000520651	0.00290249	0.00120272	0.0115174	-0.00450771	
-0.0246196	-4.70099e-05	0.00364183	0.00123957	0.0112136	-0.00469624	
-0.0244705	-0.000703719	0.00399623	0.000808135	0.0112179	-0.00497969	
-0.0250832	-0.001068	0.00453242	0.000514495	0.0115078	-0.00525138	
-0.0232448	-0.00141165	0.00428553	0.000259373	0.0107649	-0.00528028	
-0.0222814	-0.00159943	0.00430025	0.00010018	0.0103701	-0.00509266	
-0.0207621	-0.00169394	0.00435238	-5.56548e-05	0.00972607	-0.00520549	
-0.0195774	-0.00149728	0.00399458	1.88642e-05	0.0092348	-0.00496413	
-0.018082	-0.00158049	0.00391902	-9.71457e-05	0.00861814	-0.00482435	
-0.017204	-0.00165918	0.003659	-0.000137314	0.00826223	-0.00465984	
-0.0160939	-0.00195167	0.00356241	-0.000322124	0.00778086	-0.0044916	
-0.0136395	-0.000831134	0.0032256	0.000213706	0.00677442	-0.00416434	
-0.0124121	-0.000146906	0.00322204	0.000558014	0.00628776	-0.00393736	
-0.0110848	-0.000167855	0.00290745	0.000508501	0.00569368	-0.00364078	
-0.010172	-1.97748e-05	0.00275001	0.000578892	0.00531212	-0.0033776	
-0.00893601	0.000505934	0.0028576	0.000806432	0.004868	-0.00319126	
-0.00910247	-8.43096e-05	0.00296544	0.000472307	0.00490503	-0.00313639	
-0.00826154	2.62811e-05	0.00297043	0.000464044	0.00454232	-0.00296436	
-0.00881815	-0.000898152	0.00349378	-0.000138218	0.0047861	-0.00327652	
-0.00817877	-0.000930239	0.00324487	-0.000205085	0.00447848	-0.00311968	
-0.00909086	-0.00155116	0.00337613	-0.000528304	0.0048368	-0.00312028	
-0.00743174	-0.000658794	0.00349785	-0.000190383	0.00413371	-0.00317448	
-0.00858046	-0.00124624	0.00363896	-0.000446986	0.004598	-0.00312079	
-0.00927889	-0.000869215	0.00482389	-0.000406707	0.00493971	-0.00342384	
-0.00926005	-0.00107758	0.00461388	-0.000481625	0.00489176	-0.00337753	
-0.00784326	-0.000637769	0.0036819	-0.000148347	0.00426625	-0.00301657	
-0.00753588	-0.000920241	0.00325636	-0.000243384	0.00409932	-0.00300245	
-0.00768949	-0.00161189	0.0027713	-0.000518134	0.00411979	-0.00294499	
-0.00721631	-0.000469089	0.00293968	0.000101469	0.00392337	-0.0028242	
-0.00646531	-0.000702068	0.0027887	-2.24724e-05	0.00357915	-0.00284821	
-0.00715521	-0.000987418	0.00284724	-0.000125366	0.00384771	-0.00288753	
-0.00556145	-0.000672163	0.0028769	-4.43915e-05	0.00320687	-0.00304641	
-0.00625287	-0.000705755	0.00306724	-2.92632e-05	0.0034862	-0.00304388	
-0.00514491	-0.000669727	0.00298155	-7.04066e-05	0.00305692	-0.00311033	
-0.00589932	-0.00120415	0.0032045	-0.000269601	0.00338725	-0.00310388	
-0.00557315	-0.00122813	0.00318462	-0.000309725	0.00324806	-0.00316546	
-0.00560443	-0.000634268	0.00306093	-4.60548e-07	0.00324241	-0.00303667	
-0.00523041	-0.000823353	0.002923	-0.000120238	0.0030783	-0.00307049	
-0.00542313	-0.000913339	0.00309908	-0.00015737	0.00318691	-0.00311338	
-0.00552249	-0.00059343	0.0032257	2.60355e-05	0.00324153	-0.00303513	
-0.00552228	-0.00111234	0.00300416	-0.000260608	0.00319373	-0.00311843	
-0.00591816	-0.000673568	0.00312335	-1.0824e-05	0.00337063	-0.00300531	
-0.00520601	-0.000976033	0.00299958	-0.000188883	0.00308122	-0.003142	
-0.00582525	-0.00140271	0.00289078	-0.000375841	0.00330563	-0.00308065	
-0.00550632	-0.00086082	0.00304325	-0.00013273	0.00320796	-0.00302946	
-0.00590523	-0.000789193	0.0032057	-8.30013e-05	0.00338	-0.00306755	
camera pose
0.253765	-0.430494	0.866186	0.593725	
-0.915586	-0.395702	0.0715733	0.00381399	
0.31194	-0.81123	-0.49457	0.70592	
0	0	0	1	
0.253761	-0.430496	0.866186	0.593727	
-0.915587	-0.3957	0.0715699	0.003811	
0.311939	-0.81123	-0.49457	0.705919	
0	0	0	1	
0.24273	-0.42898	0.870091	0.58754	
-0.91528	-0.398494	0.0588674	0.0321566	
0.321473	-0.810665	-0.489364	0.696253	
0	0	0	1	
0.231078	-0.426275	0.874581	0.580212	
-0.914261	-0.402579	0.0453425	0.0648801	
0.33276	-0.810074	-0.482754	0.684849	
0	0	0	1	
0.219536	-0.42217	0.879532	0.573937	
-0.912541	-0.407725	0.032069	0.0977877	
0.345069	-0.809649	-0.474758	0.672276	
0	0	0	1	
0.208381	-0.417651	0.88439	0.568621	
-0.910801	-0.412368	0.0198636	0.129605	
0.356398	-0.809642	-0.466327	0.660344	
0	0	0	1	
0.197939	-0.414734	0.888153	0.564209	
-0.908504	-0.417812	0.00737231	0.161173	
0.368023	-0.808349	-0.459489	0.647125	
0	0	0	1	
0.187938	-0.412434	0.891391	0.56089	
-0.906083	-0.423074	-0.00471484	0.190562	
0.379069	-0.806788	-0.453211	0.634563	
0	0	0	1	
0.178658	-0.410043	0.894397	0.558651	
-0.9035	-0.428293	-0.0158777	0.217986	
0.389574	-0.805251	-0.446992	0.621564	
0	0	0	1	
0.168829	-0.408447	0.897033	0.557554	
-0.900603	-0.433741	-0.027995	0.24606	
0.400514	-0.803144	-0.441076	0.608234	
0	0	0	1	
0.159113	-0.406851	0.899531	0.557353	
-0.897299	-0.439598	-0.0401092	0.275022	
0.41175	-0.800766	-0.435013	0.594468	
0	0	0	1	
0.150242	-0.405708	0.90157	0.55781	
-0.89384	-0.44542	-0.0514858	0.301259	
0.422465	-0.798124	-0.429559	0.582044	
0	0	0	1	
0.141261	-0.40473	0.903459	0.558892	
-0.89029	-0.451036	-0.0628528	0.326993	
0.432931	-0.795462	-0.424041	0.569752	
0	0	0	1	
0.133121	-0.403943	0.905046	0.560605	
-0.886561	-0.456743	-0.0734532	0.351078	
0.443045	-0.792601	-0.418922	0.558007	
0	0	0	1	
0.125137	-0.403153	0.906536	0.562326	
-0.882869	-0.462111	-0.0836395	0.374215	
0.45264	-0.789887	-0.413758	0.546442	
0	0	0	1	
0.118082	-0.402455	0.907792	0.564441	
-0.879077	-0.467534	-0.0929269	0.395001	
0.461822	-0.787047	-0.408996	0.535804	
0	0	0	1	
0.111006	-0.401758	0.908993	0.566703	
-0.875078	-0.473064	-0.102222	0.415278	
0.471081	-0.784092	-0.404083	0.525365	
0	0	0	1	
0.104611	-0.400997	0.910087	0.569262	
-0.871249	-0.478226	-0.110567	0.433902	
0.479564	-0.781346	-0.399396	0.516125	
0	0	0	1	
0.0987481	-0.400199	0.911093	0.57147	
-0.867711	-0.482849	-0.118046	0.449587	
0.487162	-0.778908	-0.394937	0.506983	
0	0	0	1	
0.0938277	-0.399046	0.912118	0.573434	
-0.864285	-0.487396	-0.124326	0.463478	
0.494174	-0.776664	-0.390621	0.497685	
0	0	0	1	
0.0892004	-0.398055	0.913014	0.575292	
-0.861365	-0.491084	-0.129948	0.474991	
0.500094	-0.774847	-0.386676	0.489899	
0	0	0	1	
0.0848697	-0.396978	0.913896	0.577152	
-0.858313	-0.494969	-0.135297	0.485782	
0.50606	-0.772926	-0.382739	0.482135	
0	0	0	1	
0.0811135	-0.39568	0.914799	0.579021	
-0.855461	-0.498633	-0.139823	0.494868	
0.511475	-0.771234	-0.378935	0.474604	
0	0	0	1	
0.0768005	-0.394811	0.915547	0.581551	
-0.85257	-0.502095	-0.145001	0.504702	
0.51694	-0.769431	-0.375165	0.467092	
0	0	0	1	
0.0733218	-0.394127	0.916126	0.583845	
-0.850038	-0.505125	-0.149278	0.512679	
0.521593	-0.767797	-0.37206	0.460649	
0	0	0	1	
0.0689356	-0.3941	0.916479	0.587422	
-0.847555	-0.5077	-0.154567	0.522219	
0.526211	-0.766111	-0.36902	0.453943	
0	0	0	1	
0.0654869	-0.393913	0.916812	0.590682	
-0.844777	-0.510899	-0.159168	0.530861	
0.531096	-0.764078	-0.366225	0.447999	
0	0	0	1	
0.0615031	-0.394269	0.916935	0.594585	
-0.841865	-0.513993	-0.164542	0.541177	
0.536172	-0.761815	-0.363534	0.441679	
0	0	0	1	
0.0581591	-0.394281	0.917148	0.598376	
-0.838846	-0.517395	-0.169234	0.549209	
0.541254	-0.759503	-0.360832	0.43549	
0	0	0	1	
0.0544846	-0.394691	0.917197	0.602368	
-0.836042	-0.52027	-0.174221	0.558057	
0.545954	-0.757323	-0.358325	0.429331	
0	0	0	1	
0.0510792	-0.394593	0.917435	0.607239	
-0.832615	-0.524108	-0.179064	0.567771	
0.551492	-0.754724	-0.355315	0.42166	
0	0	0	1	
0.0472359	-0.394727	0.917583	0.612398	
-0.829383	-0.527441	-0.1842	0.57764	
0.556679	-0.752328	-0.352294	0.414063	
0	0	0	1	
0.0437462	-0.394883	0.917689	0.616514	
-0.826401	-0.530464	-0.188865	0.585843	
0.561381	-0.750117	-0.349537	0.407301	
0	0	0	1	
0.0405707	-0.394956	0.917804	0.620242	
-0.823368	-0.5336	-0.193227	0.593618	
0.566056	-0.747851	-0.346843	0.401379	
0	0	0	1	
0.0374583	-0.395299	0.917788	0.623759	
-0.820426	-0.536522	-0.1976	0.602117	
0.570525	-0.745575	-0.344411	0.396055	
0	0	0	1	
0.0342686	-0.395081	0.918007	0.626964	
-0.817673	-0.539247	-0.201551	0.609348	
0.574662	-0.743723	-0.341526	0.390174	
0	0	0	1	
0.0315641	-0.395043	0.91812	0.630134	
-0.814896	-0.542061	-0.205219	0.615922	
0.578747	-0.741695	-0.339029	0.384848	
0	0	0	1	
0.0287371	-0.395033	0.918217	0.633565	
-0.81187	-0.545107	-0.209106	0.62352	
0.58313	-0.739464	-0.336381	0.379104	
0	0	0	1	
0.0263932	-0.395031	0.918289	0.636982	
-0.808826	-0.548269	-0.212608	0.629051	
0.587456	-0.737124	-0.333982	0.374232	
0	0	0	1	
0.0247123	-0.395033	0.918334	0.639505	
-0.806865	-0.550231	-0.214976	0.633256	
0.590219	-0.735659	-0.332336	0.370587	
0	0	0	1	
0.0246922	-0.395041	0.918332	0.639518	
-0.806867	-0.550221	-0.214995	0.633242	
0.590217	-0.735663	-0.332331	0.370593	
0	0	0	1	
0.0246921	-0.395038	0.918333	0.639519	
-0.806867	-0.550221	-0.214993	0.633242	
0.590217	-0.735664	-0.332329	0.370595	
0	0	0	1	
0.0246979	-0.395044	0.91833	0.639517	
-0.806865	-0.550224	-0.214993	0.633243	
0.590219	-0.735659	-0.332337	0.370589	
0	0	0	1	
0.0246957	-0.395038	0.918333	0.639516	
-0.806866	-0.550223	-0.214991	0.633244	
0.590217	-0.735663	-0.332331	0.370592	
0	0	0	1	
0.0246954	-0.395042	0.918331	0.639518	
-0.806865	-0.550223	-0.214994	0.633242	
0.590219	-0.73566	-0.332334	0.370589	
0	0	0	1	
0.024696	-0.395034	0.918334	0.639516	
-0.806866	-0.550224	-0.214988	0.633245	
0.590218	-0.735664	-0.332328	0.370596	
0	0	0	1	
0.0246933	-0.39504	0.918332	0.639517	
-0.806869	-0.550219	-0.214992	0.633243	
0.590214	-0.735664	-0.332332	0.370592	
0	0	0	1	
0.0246996	-0.395042	0.918331	0.639516	
-0.806867	-0.550223	-0.21499	0.633244	
0.590217	-0.73566	-0.332337	0.37059	
0	0	0	1	
0.0246945	-0.395043	0.918331	0.639518	
-0.806867	-0.550221	-0.214994	0.633242	
0.590217	-0.735661	-0.332334	0.370591	
0	0	0	1	
0.0246964	-0.395035	0.918334	0.639516	
-0.806863	-0.550229	-0.214991	0.633244	
0.590222	-0.73566	-0.332328	0.370593	
0	0	0	1	
0.0246945	-0.395037	0.918333	0.639517	
-0.806864	-0.550226	-0.214993	0.633243	
0.590221	-0.735661	-0.332329	0.370593	
0	0	0	1	
camera desired pose
0.124625	-0.311249	0.942121	0.261991	
-0.953552	-0.300013	0.027022	0.199968	
0.274238	-0.901729	-0.334182	0.776654	
0	0	0	1	
error feature
299.75	
301.167	
298.899	
294.385	
286.61	
276.234	
270.13	
264.272	
257.767	
250.776	
243.589	
237.097	
230.138	
221.783	
216.389	
210.469	
205.239	
198.718	
193.975	
190.668	
186.129	
182.431	
178.671	
175.762	
172.506	
169.225	
165.566	
164.046	
160.55	
157.965	
154.573	
151.411	
148.903	
147.305	
143.567	
142.301	
140.127	
137.074	
135.431	
133.805	
133.941	
134.855	
135.067	
134.249	
134.162	
134.526	
135.15	
134.253	
134.634	
134.676	
135.14	
visual servoing time
0	
1.27028	
2.56422	
3.78152	
5.04369	
6.32629	
7.55092	
8.76587	
10.0092	
11.2595	
12.4897	
13.7036	
14.9502	
16.2012	
17.4646	
18.6996	
19.9522	
21.2409	
22.4829	
23.7024	
24.9288	
26.194	
27.4326	
28.6729	
29.9154	
31.1285	
32.3601	
33.5981	
34.8364	
36.0704	
37.3262	
38.587	
39.833	
41.0895	
42.3229	
43.562	
44.8072	
46.0373	
47.2666	
48.5038	
49.7468	
50.9886	
52.2451	
53.4945	
54.7555	
55.9886	
57.2379	
58.5081	
59.754	
60.9942	
62.2347	
error pixel ave
0.0838698	
0.0841992	
0.0840394	
0.0836648	
0.0826741	
0.0811403	
0.0805299	
0.0797918	
0.0789239	
0.0780125	
0.0770843	
0.0762736	
0.075356	
0.074234	
0.0735889	
0.0727792	
0.0720262	
0.0710936	
0.0704784	
0.0701672	
0.069381	
0.0688956	
0.068302	
0.0678316	
0.0673627	
0.0669173	
0.0663728	
0.066279	
0.0656789	
0.0653124	
0.0647278	
0.0642457	
0.0637758	
0.0637071	
0.0630369	
0.062866	
0.0625425	
0.0621475	
0.0619571	
0.0618843	
0.0619488	
0.0622571	
0.0622793	
0.0620549	
0.0620446	
0.0621611	
0.0623454	
0.0620421	
0.0621732	
0.0621901	
0.0623428	
order
6	
6	
6	
6	
6	
6	
6	
6	
6	
6	
6	
6	
6	
6	
6	
6	
6	
6	
6	
6	
6	
6	
6	
6	
6	
6	
6	
6	
6	
6	
6	
6	
6	
6	
6	
6	
6	
6	
6	
6	
6	
6	
6	
6	
6	
6	
6	
6	
6	
6	
6	
