kinematics:
  shoulder:
    x: 0
    y: 0
    z: 0.08920113858084797
    roll: -0
    pitch: 0
    yaw: 1.541396326764852e-05
  upper_arm:
    x: 8.28481932000539e-05
    y: 0
    z: 0
    roll: 1.570279330556899
    pitch: 0
    yaw: 9.424823964845411e-05
  forearm:
    x: -0.4251460319702735
    y: 0
    z: 0
    roll: 0.0002772716329760363
    pitch: 0.0007418165917468576
    yaw: 8.206177758992794e-05
  wrist_1:
    x: -0.392313354120232
    y: 0.0007036784286606588
    z: 0.1100490288167489
    roll: 3.135198514120944
    pitch: -3.140095440244342
    yaw: 3.141518561029375
  wrist_2:
    x: 3.650140559062835e-05
    y: -0.09472118612480705
    z: 0.0001791428279527357
    roll: 1.568905064431203
    pitch: 0
    yaw: -1.320607040336194e-05
  wrist_3:
    x: 0.0001539900804308166
    y: 0.08242132708937032
    z: 0.0001263268620793008
    roll: 1.572329021882685
    pitch: 3.141592653589793
    yaw: -3.14158677108863
  hash: calib_15200003067234149431