# oST version 5.0 parameters


[image]

width
800

height
800

[narrow_stereo]

camera matrix
1046.187057 0.000000 405.884969
0.000000 1043.843036 427.934746
0.000000 0.000000 1.000000

distortion
-0.131452 0.282580 -0.001877 0.001809 0.000000

rectification
1.000000 0.000000 0.000000
0.000000 1.000000 0.000000
0.000000 0.000000 1.000000

projection
1032.783691 0.000000 406.436395 0.000000
0.000000 1030.531250 426.305701 0.000000
0.000000 0.000000 1.000000 0.000000
